6806,2,6807
6490,3,6492
5294,2,5295
7211,2,7212
5065,1,5066
2396,2,2397
872,2,873
4894,1,4895
2974,1,2975
749,2,750
1600,1,1601
940,1,941
5848,3,5850
5366,2,5367
5233,3,5235
2731,1,2732
6497,2,6498
2612,2,2613
2297,2,2298
4480,1,4481
7265,2,7266
2198,2,2199
7021,3,7023
6772,1,6773
2845,3,2847
4282,3,4284
4892,2,4893
7261,1,7262
7315,3,7317
6556,1,6557
280,3,282
2404,3,2406
1051,1,1052
5407,1,5408
1649,2,1650
1966,3,1968
4598,2,4599
3181,1,3182
2089,3,2091
1339,3,1341
6272,2,6273
4681,1,4682
1337,2,1338
6469,3,6471
5483,2,5484
6977,2,6978
1304,2,1305
673,3,675
2317,3,2319
3985,1,3986
1774,3,1776
3847,3,3849
5848,1,5849
4366,3,4368
2213,2,2214
4457,2,4458
7366,3,7368
4339,3,4341
4061,2,4062
5420,2,5421
146,2,147
7114,3,7116
3902,2,3903
2077,3,2079
7253,2,7254
2179,1,2180
4321,1,4322
5233,1,5234
4486,3,4488
1379,2,1380
5881,1,5882
2738,2,2739
6016,1,6017
4999,1,5000
2222,2,2223
3712,3,3714
3814,3,3816
988,3,990
1180,3,1182
3106,1,3107
7385,2,7386
2822,2,2823
2978,2,2979
3994,1,3995
5471,2,5472
1615,1,1616
1223,2,1224
4474,3,4476
149,2,150
3050,2,3051
1949,2,1950
5639,2,5640
5903,2,5904
5656,3,5658
5258,2,5259
1582,3,1584
995,2,996
1726,3,1728
4295,2,4296
5039,2,5040
5869,3,5871
6697,1,6698
5776,3,5778
6988,1,6989
5435,2,5436
3374,2,3375
2668,1,2669
6194,2,6195
5128,3,5130
6563,2,6564
2140,3,2142
646,3,648
3772,1,3773
4540,1,4541
4537,1,4538
1534,1,1535
7477,3,7479
5939,2,5940
7042,1,7043
4060,1,4061
4379,2,4380
5713,1,5714
5968,1,5969
7321,3,7323
5170,1,5171
3644,2,3645
3076,3,3078
4907,2,4908
1739,2,1740
6220,3,6222
6083,2,6084
2959,1,2960
5392,3,5394
742,3,744
5926,3,5928
3047,2,3048
6550,1,6551
5260,3,5262
2240,2,2241
2830,1,2831
6412,1,6413
1123,3,1125
4579,3,4581
7436,2,7437
2269,3,2271
710,2,711
5156,2,5157
5579,2,5580
448,1,449
6493,3,6495
449,2,450
4765,1,4766
4561,3,4563
4846,1,4847
1166,2,1167
5915,2,5916
31,3,33
2024,2,2025
466,3,468
3788,2,3789
6329,2,6330
6992,2,6993
601,1,602
3755,2,3756
1183,3,1185
6952,3,6954
4405,1,4406
5648,2,5649
6856,3,6858
4042,3,4044
5311,3,5313
1495,3,1497
1880,2,1881
5138,2,5139
2671,3,2673
1630,3,1632
2188,3,2190
3319,1,3320
1970,2,1971
4997,2,4998
3281,2,3282
5272,1,5273
6466,3,6468
4805,2,4806
629,2,630
2206,1,2207
791,2,792
181,1,182
3871,3,3873
7078,1,7079
3911,2,3912
4867,3,4869
2965,1,2966
1120,1,1121
655,1,656
457,1,458
277,1,278
1405,1,1406
5959,1,5960
4397,2,4398
605,2,606
4429,3,4431
1211,2,1212
7160,2,7161
1978,3,1980
5032,3,5034
1462,3,1464
3892,3,3894
3892,1,3893
1732,3,1734
5683,1,5684
1790,2,1791
5402,2,5403
7153,1,7154
3376,1,3377
5578,1,5579
6731,2,6732
6055,1,6056
5117,2,5118
3283,3,3285
3217,1,3218
6811,1,6812
1210,1,1211
5710,1,5711
2014,3,2016
7018,1,7019
338,2,339
697,3,699
4868,2,4869
4726,3,4728
856,1,857
3338,2,3339
5702,2,5703
1123,1,1124
1588,1,1589
3922,1,3923
4906,3,4908
4675,3,4677
3436,3,3438
4424,2,4425
2011,1,2012
3022,1,3023
6419,2,6420
4942,1,4943
6193,3,6195
5194,1,5195
4105,3,4107
613,3,615
6937,1,6938
6253,3,6255
6829,1,6830
6238,3,6240
1639,3,1641
7456,3,7458
4225,1,4226
6314,2,6315
1519,1,1520
5660,2,5661
5338,3,5340
3202,1,3203
7153,3,7155
6076,1,6077
1328,2,1329
6868,1,6869
7493,2,7494
172,3,174
3472,3,3474
4043,2,4044
6002,2,6003
445,1,446
6979,1,6980
391,3,393
1795,3,1797
2164,3,2166
3862,1,3863
5302,1,5303
547,1,548
7052,2,7053
1535,2,1536
1933,1,1934
910,1,911
5521,1,5522
1669,3,1671
1192,3,1194
3455,2,3456
5387,2,5388
5296,3,5298
2176,3,2178
2588,2,2589
6022,3,6024
5714,2,5715
1597,3,1599
6703,3,6705
6584,2,6585
293,2,294
3781,3,3783
6179,2,6180
4681,3,4683
3086,2,3087
5552,2,5553
232,1,233
3185,2,3186
229,3,231
7369,1,7370
6910,1,6911
2086,1,2087
2927,2,2928
3857,2,3858
3427,3,3429
3061,3,3063
1510,3,1512
3563,2,3564
1862,2,1863
2933,2,2934
4525,1,4526
6721,3,6723
6137,2,6138
6220,1,6221
4810,3,4812
688,1,689
2081,2,2082
1844,2,1845
7090,1,7091
5299,1,5300
7345,3,7347
865,1,866
5278,3,5280
931,3,933
905,2,906
7048,1,7049
6953,2,6954
1930,3,1932
1853,2,1854
3725,2,3726
4600,3,4602
6425,2,6426
2149,3,2151
3022,3,3024
2245,1,2246
6544,3,6546
3970,1,3971
4165,1,4166
6254,2,6255
7024,1,7025
5416,3,5418
193,3,195
4216,1,4217
6778,3,6780
2035,3,2037
668,2,669
5005,3,5007
3913,3,3915
6593,2,6594
5548,1,5549
6418,3,6420
6625,1,6626
3949,1,3950
709,1,710
4193,2,4194
1477,3,1479
731,2,732
1216,1,1217
7120,3,7122
6359,2,6360
4874,2,4875
4643,2,4644
385,1,386
700,3,702
4672,1,4673
4570,3,4572
2455,3,2457
5981,2,5982
5830,1,5831
5480,2,5481
3793,1,3794
3557,2,3558
1516,1,1517
5570,2,5571
6236,2,6237
1708,1,1709
5987,2,5988
4459,1,4460
1549,3,1551
484,3,486
3958,1,3959
6004,1,6005
326,2,327
955,3,957
1165,3,1167
3733,1,3734
2425,3,2427
5285,2,5286
2773,3,2775
2579,2,2580
7382,2,7383
2419,3,2421
4522,3,4524
683,2,684
2033,2,2034
841,1,842
4558,1,4559
7277,2,7278
5810,2,5811
3175,1,3176
6445,1,6446
508,3,510
2504,2,2505
3661,1,3662
6206,2,6207
5809,3,5811
2990,2,2991
4888,1,4889
991,1,992
5023,1,5024
7465,3,7467
6364,1,6365
3979,1,3980
994,3,996
2353,3,2355
1007,2,1008
448,3,450
2836,3,2838
166,3,168
3625,1,3626
2740,1,2741
2638,1,2639
4978,1,4979
4736,2,4737
1504,3,1506
139,3,141
5986,1,5987
6515,2,6516
3703,3,3705
5086,1,5087
107,2,108
2518,1,2519
3920,2,3921
4084,1,4085
5008,3,5010
5968,3,5970
2012,2,2013
4001,2,4002
4811,2,4812
802,3,804
3169,3,3171
7067,2,7068
5363,2,5364
4903,1,4904
7199,2,7200
529,1,530
505,1,506
6430,3,6432
5473,1,5474
7345,1,7346
3016,3,3018
6617,2,6618
5609,2,5610
6025,3,6027
6094,3,6096
6665,2,6666
5479,3,5481
4201,3,4203
5731,1,5732
5782,3,5784
6496,3,6498
5095,3,5097
4021,3,4023
7343,2,7344
6859,1,6860
4144,1,4145
7438,3,7440
4516,3,4518
6454,1,6455
217,3,219
2782,1,2783
3343,1,3344
3509,2,3510
1019,2,1020
1108,1,1109
2038,3,2040
5180,2,5181
2642,2,2643
6568,3,6570
2767,1,2768
7015,1,7016
2443,3,2445
4891,1,4892
6340,3,6342
496,1,497
1408,1,1409
1714,1,1715
1738,3,1740
2225,2,2226
5920,1,5921
428,2,429
757,1,758
5074,3,5076
5680,1,5681
3367,3,3369
3847,1,3848
3836,2,3837
1462,1,1463
7006,1,7007
5717,2,5718
1133,2,1134
3916,3,3918
5936,2,5937
5692,1,5693
1150,3,1152
5446,3,5448
4330,3,4332
4882,1,4883
1874,2,1875
2957,2,2958
6881,2,6882
994,1,995
475,3,477
3631,1,3632
1892,2,1893
4466,2,4467
5834,2,5835
6739,3,6741
4486,1,4487
1105,1,1106
3901,3,3903
764,2,765
853,1,854
1660,3,1662
2428,3,2430
1069,3,1071
1648,3,1650
5251,1,5252
1615,3,1617
2530,1,2531
2701,3,2703
215,2,216
4517,2,4518
3424,1,3425
6277,3,6279
2776,3,2778
2371,1,2372
1640,2,1641
6530,2,6531
2107,1,2108
2650,1,2651
5843,2,5844
539,2,540
2926,1,2927
1042,3,1044
2624,2,2625
547,3,549
2677,1,2678
3200,2,3201
6845,2,6846
2263,3,2265
2956,1,2957
6412,3,6414
7159,1,7160
5728,3,5730
3992,2,3993
961,3,963
730,3,732
109,1,110
5389,1,5390
3908,2,3909
5353,3,5355
4996,1,4997
712,1,713
1687,1,1688
5488,1,5489
5329,1,5330
3758,2,3759
3359,2,3360
6250,1,6251
482,2,483
6371,2,6372
3932,2,3933
4259,2,4260
4660,1,4661
2761,3,2763
3562,1,3563
6280,3,6282
2530,3,2532
812,2,813
1925,2,1926
3619,1,3620
5518,1,5519
1732,1,1733
46,1,47
4985,2,4986
374,2,375
589,1,590
4112,2,4113
5218,3,5220
1646,2,1647
3769,3,3771
6535,3,6537
6427,3,6429
2608,1,2609
3364,3,3366
5594,2,5595
559,1,560
721,3,723
4219,1,4220
5704,3,5706
341,2,342
1766,2,1767
167,2,168
4364,2,4365
4451,2,4452
1789,1,1790
7051,1,7052
7270,1,7271
2881,1,2882
5630,2,5631
1823,2,1824
2122,3,2124
3529,3,3531
1828,1,1829
2555,2,2556
3995,2,3996
1411,3,1413
5353,1,5354
5692,3,5694
4292,2,4293
949,1,950
148,1,149
3398,2,3399
2368,3,2370
3523,1,3524
772,3,774
5237,2,5238
692,2,693
3406,3,3408
2857,1,2858
5693,2,5694
5356,3,5358
349,1,350
1186,3,1188
1105,3,1107
4679,2,4680
4279,3,4281
4228,3,4230
6265,1,6266
2318,2,2319
1940,2,1941
7000,3,7002
178,1,179
6692,2,6693
6658,1,6659
142,3,144
5417,2,5418
4510,1,4511
2458,1,2459
911,2,912
6499,3,6501
49,3,51
1783,3,1785
4529,2,4530
2545,3,2547
4879,1,4880
4934,2,4935
580,1,581
1990,1,1991
3319,3,3321
6782,2,6783
982,3,984
925,1,926
6796,3,6798
5836,1,5837
2437,3,2439
3083,2,3084
1261,1,1262
1228,3,1230
839,2,840
1154,2,1155
5989,1,5990
1558,3,1560
3316,1,3317
5116,1,5117
5527,3,5529
6598,3,6600
4396,3,4398
274,1,275
6239,2,6240
5381,2,5382
2237,2,2238
2681,2,2682
1393,3,1395
2062,1,2063
4804,3,4806
133,1,134
6851,2,6852
2380,1,2381
5614,1,5615
1169,2,1170
3808,1,3809
4087,3,4089
7198,1,7199
6673,3,6675
2921,2,2922
1726,1,1727
2771,2,2772
6217,3,6219
2810,2,2811
4751,2,4752
5992,3,5994
2722,3,2724
5219,2,5220
4882,3,4884
4349,2,4350
124,3,126
6064,3,6066
824,2,825
5611,3,5613
2389,1,2390
3193,3,3195
2701,1,2702
3937,1,3938
4007,2,4008
7310,2,7311
377,2,378
2539,1,2540
2032,1,2033
3662,2,3663
5713,3,5715
4666,1,4667
2114,2,2115
6883,3,6885
2659,1,2660
4138,3,4140
1333,1,1334
179,2,180
1246,3,1248
6722,2,6723
1483,3,1485
3904,3,3906
4015,1,4016
1999,3,2001
1036,1,1037
1969,3,1971
869,2,870
3242,2,3243
781,1,782
2950,3,2952
3599,2,3600
5386,3,5388
3701,2,3702
5051,2,5052
2998,1,2999
6376,3,6378
6889,1,6890
5035,3,5037
4237,1,4238
3803,2,3804
7483,3,7485
6026,2,6027
4084,3,4086
6853,1,6854
7165,3,7167
3287,2,3288
4333,3,4335
5543,2,5544
2617,3,2619
13,3,15
3886,3,3888
2587,3,2589
5803,1,5804
3529,1,3530
236,2,237
5113,3,5115
2051,2,2052
2174,2,2175
2680,3,2682
550,1,551
4541,2,4542
271,3,273
1978,1,1979
3566,2,3567
3989,2,3990
1817,2,1818
2408,2,2409
616,1,617
3166,1,3167
6391,3,6393
6607,3,6609
4852,1,4853
6301,3,6303
5684,2,5685
6875,2,6876
1750,3,1752
6457,3,6459
6386,2,6387
6773,2,6774
2509,3,2511
2836,1,2837
358,3,360
1634,2,1635
5978,2,5979
3181,3,3183
5455,3,5457
5528,2,5529
4828,1,4829
4642,1,4643
4633,3,4635
6415,1,6416
928,1,929
1139,2,1140
7414,1,7415
283,3,285
7394,2,7395
2215,1,2216
485,2,486
874,3,876
4139,2,4140
2509,1,2510
7216,1,7217
100,1,101
622,3,624
2464,3,2466
415,3,417
5239,3,5241
6163,3,6165
1216,3,1218
4870,1,4871
6511,3,6513
3364,1,3365
6403,1,6404
1381,1,1382
6280,1,6281
5722,3,5724
4562,2,4563
3448,1,3449
6103,1,6104
7405,3,7407
4493,2,4494
6755,2,6756
1240,3,1242
6451,1,6452
6203,2,6204
3115,3,3117
544,3,546
3976,1,3977
1409,2,1410
1252,1,1253
1502,2,1503
433,3,435
3997,1,3998
7468,1,7469
3841,1,3842
3101,2,3102
6821,2,6822
3407,2,3408
7435,3,7437
6070,1,6071
5914,1,5915
1517,2,1518
7289,2,7290
3553,1,3554
5254,3,5256
484,1,485
6488,2,6489
1999,1,2000
4270,3,4272
3659,2,3660
2002,3,2004
5822,2,5823
7376,2,7377
2606,2,2607
6274,3,6276
3968,2,3969
4315,3,4317
112,1,113
6238,1,6239
3623,2,3624
5101,3,5103
1735,1,1736
7172,2,7173
118,1,119
3595,1,3596
3631,3,3633
1066,3,1068
2146,3,2148
91,3,93
1801,1,1802
6872,2,6873
1312,1,1313
4078,3,4080
857,2,858
2404,1,2405
6686,2,6687
6122,2,6123
1463,2,1464
1843,1,1844
7256,2,7257
5671,1,5672
3052,3,3054
1258,3,1260
4370,2,4371
1702,3,1704
6815,2,6816
2255,2,2256
2743,3,2745
4006,3,4008
2552,2,2553
2021,2,2022
5275,1,5276
1318,1,1319
4567,3,4569
4067,2,4068
3988,1,3989
7297,3,7299
1714,3,1716
6512,2,6513
2524,3,2526
6559,3,6561
4181,2,4182
3211,1,3212
4801,3,4803
2506,1,2507
2602,1,2603
4402,1,4403
3656,2,3657
2398,1,2399
5306,2,5307
6644,2,6645
5596,3,5598
202,1,203
5500,1,5501
2332,1,2333
6362,2,6363
6196,3,6198
5884,3,5886
1067,2,1068
5909,2,5910
7424,2,7425
4678,3,4680
2971,1,2972
1792,3,1794
1643,2,1644
4765,3,4767
1655,2,1656
4606,1,4607
3709,3,3711
1796,2,1797
6751,1,6752
1321,1,1322
5666,2,5667
5686,1,5687
3706,1,3707
6190,3,6192
1876,3,1878
242,2,243
1595,2,1596
1943,2,1944
5518,3,5520
532,3,534
5206,3,5208
1937,2,1938
4669,3,4671
5669,2,5670
4388,2,4389
2464,1,2465
7198,3,7200
3760,3,3762
6803,2,6804
2705,2,2706
3938,2,3939
5470,3,5472
7093,3,7095
6721,1,6722
3628,3,3630
4016,2,4017
6895,1,6896
4052,2,4053
3962,2,3963
4010,2,4011
3889,3,3891
2045,2,2046
3004,3,3006
4124,2,4125
7348,1,7349
3371,2,3372
3844,3,3846
3215,2,3216
2422,1,2423
1306,3,1308
1946,2,1947
4226,2,4227
4594,1,4595
4318,3,4320
253,1,254
500,2,501
5695,3,5697
817,3,819
5911,1,5912
5659,3,5661
6463,1,6464
97,1,98
7144,3,7146
886,1,887
6403,3,6405
1474,3,1476
1858,1,1859
6125,2,6126
1465,1,1466
1294,3,1296
3469,3,3471
2011,3,2013
985,1,986
5234,2,5235
7375,3,7377
4003,3,4005
6104,2,6105
6304,3,6306
166,1,167
5761,3,5763
4127,2,4128
1084,1,1085
82,1,83
2347,1,2348
907,3,909
4904,2,4905
787,3,789
5104,3,5106
5144,2,5145
4696,1,4697
3154,1,3155
2381,2,2382
2377,3,2379
4742,2,4743
7438,1,7439
3790,1,3791
5498,2,5499
6061,1,6062
388,1,389
4550,2,4551
2023,1,2024
3865,1,3866
6319,1,6320
514,1,515
1654,3,1656
7151,2,7152
5179,1,5180
3739,3,3741
2326,3,2328
4721,2,4722
4354,3,4356
1645,1,1646
7456,1,7457
3434,2,3435
6001,1,6002
562,3,564
439,3,441
148,3,150
2917,3,2919
7327,1,7328
5107,1,5108
46,3,48
3886,1,3887
4025,2,4026
1094,2,1095
5236,1,5237
2716,3,2718
6502,3,6504
1214,2,1215
3088,1,3089
5651,2,5652
3154,3,3156
4603,1,4604
1835,2,1836
3730,3,3732
7372,1,7373
1358,2,1359
1606,3,1608
1318,3,1320
5572,3,5574
1709,2,1710
5945,2,5946
2650,3,2652
3139,3,3141
5122,3,5124
2498,2,2499
4771,3,4773
1771,1,1772
43,3,45
7279,1,7280
5287,3,5289
5494,1,5495
4565,2,4566
1841,2,1842
3373,1,3374
6742,3,6744
5581,1,5582
4510,3,4512
2828,2,2829
5293,1,5294
7451,2,7452
6860,2,6861
6739,1,6740
5941,3,5943
4585,3,4587
4444,3,4446
3718,1,3719
1157,2,1158
5854,1,5855
806,2,807
2233,3,2235
2374,3,2376
7075,3,7077
271,1,272
7405,1,7406
1762,1,1763
4448,2,4449
6484,3,6486
2692,3,2694
6659,2,6660
1757,2,1758
6145,1,6146
4894,3,4896
5062,3,5064
6502,1,6503
5633,2,5634
4795,1,4796
6509,2,6510
7285,1,7286
4288,1,4289
1103,2,1104
4580,2,4581
5806,3,5808
6898,1,6899
4406,2,4407
3824,2,3825
6175,1,6176
5056,3,5058
5863,1,5864
1255,1,1256
1111,3,1113
6766,3,6768
4910,2,4911
4189,3,4191
439,1,440
2587,1,2588
6349,1,6350
2944,1,2945
739,1,740
5392,1,5393
7381,3,7383
5443,3,5445
2944,3,2946
4255,1,4256
5725,3,5727
6208,3,6210
1399,3,1401
4873,3,4875
2861,2,2862
6011,2,6012
6934,3,6936
7459,3,7461
1633,3,1635
523,3,525
6772,3,6774
7162,1,7163
7135,3,7137
1532,2,1533
6601,3,6603
22,1,23
25,1,26
4351,1,4352
6592,1,6593
778,1,779
2875,3,2877
1948,3,1950
685,1,686
2083,3,2085
6589,1,6590
5546,2,5547
3985,3,3987
3526,3,3528
7423,3,7425
961,1,962
3079,1,3080
5659,1,5660
4726,1,4727
4492,1,4493
6421,3,6423
5918,2,5919
4114,1,4115
1849,3,1851
238,3,240
794,2,795
2257,3,2259
5087,2,5088
1030,1,1031
6679,1,6680
6941,2,6942
2227,1,2228
4039,3,4041
400,1,401
5374,3,5376
269,2,270
1715,2,1716
2485,1,2486
5977,1,5978
1135,1,1136
4234,3,4236
1258,1,1259
4051,3,4053
4489,3,4491
6151,1,6152
415,1,416
1009,3,1011
1303,1,1304
4066,3,4068
1975,3,1977
6899,2,6900
1610,2,1611
1204,3,1206
3517,3,3519
541,3,543
2314,3,2316
6970,3,6972
469,3,471
1093,1,1094
79,3,81
2494,3,2496
4777,3,4779
5224,3,5226
2833,1,2834
2098,3,2100
7150,3,7152
2812,3,2814
6152,2,6153
3853,1,3854
5461,3,5463
2644,1,2645
3634,3,3636
2656,3,2658
6151,3,6153
3298,3,3300
610,3,612
6631,3,6633
2041,1,2042
620,2,621
5273,2,5274
6626,2,6627
1877,2,1878
6080,2,6081
2152,1,2153
4876,1,4877
6170,2,6171
2023,3,2025
3748,3,3750
3139,1,3140
5311,1,5312
3827,2,3828
1447,3,1449
4469,2,4470
2203,3,2205
5965,3,5967
1672,3,1674
4081,3,4083
2860,1,2861
4775,2,4776
4871,2,4872
6500,2,6501
2756,2,2757
5464,1,5465
7408,1,7409
1279,1,1280
4153,3,4155
2276,2,2277
1586,2,1587
3056,2,3057
2233,1,2234
7078,3,7080
2935,3,2937
2003,2,2004
3026,2,3027
6392,2,6393
2206,3,2208
5635,3,5637
4501,3,4503
6643,1,6644
1492,3,1494
3475,3,3477
4309,3,4311
3289,1,3290
2282,2,2283
2417,2,2418
416,2,417
7085,2,7086
7043,2,7044
6175,3,6177
5764,1,5765
5689,1,5690
2611,1,2612
5291,2,5292
3580,1,3581
7045,3,7047
5125,3,5127
3565,1,3566
2786,2,2787
3391,1,3392
4093,3,4095
2585,2,2586
380,2,381
3002,2,3003
1685,2,1686
6119,2,6120
3136,3,3138
5663,2,5664
1003,3,1005
3142,3,3144
3301,3,3303
5752,3,5754
992,2,993
985,3,987
6707,2,6708
2987,2,2988
5191,1,5192
68,2,69
6013,3,6015
2605,3,2607
5302,3,5304
2863,1,2864
5938,1,5939
5102,2,5103
3695,2,3696
4975,3,4977
1990,3,1992
7210,3,7212
4141,3,4143
4171,3,4173
3811,3,3813
5914,3,5916
6905,2,6906
6197,2,6198
1220,2,1221
4783,1,4784
2224,3,2226
1373,2,1374
778,3,780
5935,1,5936
703,3,705
1598,2,1599
5626,1,5627
346,3,348
7171,1,7172
7108,1,7109
746,2,747
1522,3,1524
1234,1,1235
4412,2,4413
6259,3,6261
6602,2,6603
1603,1,1604
874,1,875
6974,2,6975
3848,2,3849
3584,2,3585
5777,2,5778
5458,3,5460
4642,3,4644
727,1,728
5497,1,5498
611,2,612
3311,2,3312
1013,2,1014
901,3,903
3062,2,3063
4909,1,4910
3874,1,3875
3497,2,3498
445,3,447
6725,2,6726
6437,2,6438
4975,1,4976
4216,3,4218
4430,2,4431
7417,3,7419
7325,2,7326
214,3,216
2186,2,2187
1003,1,1004
4291,3,4293
1513,3,1515
2363,2,2364
2689,1,2690
6253,1,6254
4162,3,4164
3121,3,3123
908,2,909
5927,2,5928
2635,3,2637
6491,2,6492
6257,2,6258
3442,3,3444
578,2,579
1153,3,1155
3961,1,3962
2497,1,2498
6148,3,6150
1606,1,1607
3454,1,3455
3263,2,3264
1837,1,1838
2977,3,2979
6128,2,6129
6676,1,6677
1921,3,1923
1591,1,1592
5203,1,5204
3260,2,3261
6553,3,6555
6448,1,6449
5503,1,5504
211,3,213
545,2,546
217,1,218
1147,1,1148
2752,3,2754
5785,1,5786
4754,2,4755
356,2,357
6718,3,6720
4870,3,4872
4843,1,4844
2672,2,2673
1300,3,1302
5899,1,5900
6737,2,6738
2069,2,2070
3538,3,3540
4150,1,4151
5357,2,5358
4102,3,4104
7186,3,7188
5281,1,5282
2980,3,2982
3511,1,3512
2239,1,2240
2426,2,2427
6595,3,6597
7247,2,7248
4793,2,4794
4961,2,4962
1624,3,1626
1387,3,1389
1217,2,1218
5029,1,5030
1777,3,1779
3739,1,3740
5324,2,5325
3731,2,3732
3505,1,3506
3952,3,3954
5827,3,5829
1810,3,1812
5683,3,5685
4525,3,4527
4750,1,4751
4511,2,4512
4939,1,4940
7354,1,7355
941,2,942
2816,2,2817
4877,2,4878
2191,1,2192
238,1,239
5177,2,5178
2519,2,2520
1547,2,1548
3778,3,3780
4537,3,4539
938,2,939
1160,2,1161
1141,3,1143
3973,1,3974
7063,3,7065
4264,3,4266
2707,3,2709
4951,1,4952
3292,3,3294
7157,2,7158
3586,3,3588
7138,3,7140
4744,1,4745
1873,3,1875
3094,3,3096
7369,3,7371
3016,1,3017
7021,1,7022
1048,1,1049
4267,3,4269
626,2,627
6182,2,6183
1954,1,1955
6922,1,6923
1543,3,1545
4415,2,4416
3545,2,3546
706,3,708
3605,2,3606
5797,1,5798
3236,2,3237
6505,3,6507
6583,1,6584
2480,2,2481
3607,3,3609
2648,2,2649
2696,2,2697
5629,3,5631
1546,1,1547
6139,3,6141
4414,3,4416
4253,2,4254
5710,3,5712
1951,3,1953
26,2,27
443,2,444
2254,3,2256
799,3,801
7159,3,7161
3460,3,3462
782,2,783
6163,1,6164
5089,3,5091
3614,2,3615
4126,1,4127
4099,1,4100
5279,2,5280
5176,1,5177
7475,2,7476
4646,2,4647
503,2,504
6842,2,6843
44,2,45
2488,1,2489
1795,1,1796
5971,1,5972
4964,2,4965
2785,1,2786
1963,1,1964
5173,1,5174
3569,2,3570
6046,1,6047
6689,2,6690
1192,1,1193
3340,1,3341
290,2,291
4312,3,4314
3551,2,3552
6940,1,6941
2717,2,2718
4957,1,4958
3406,1,3407
5902,1,5903
763,1,764
5260,1,5261
6074,2,6075
2926,3,2928
2104,1,2105
4699,3,4701
4249,1,4250
2629,1,2630
5884,1,5885
2876,2,2877
4849,3,4851
4549,1,4550
6635,2,6636
1147,3,1149
6701,2,6702
3458,2,3459
6890,2,6891
2176,1,2177
2848,1,2849
7283,2,7284
2515,3,2517
6187,3,6189
4970,2,4971
1781,2,1782
5800,3,5802
3238,3,3240
6298,3,6300
4228,1,4229
3670,1,3671
3143,2,3144
47,2,48
5456,2,5457
1735,3,1737
479,2,480
1441,3,1443
799,1,800
5875,3,5877
944,2,945
3409,3,3411
1711,1,1712
3205,1,3206
1219,1,1220
7054,3,7056
7339,1,7340
6538,1,6539
3233,2,3234
6416,2,6417
4208,2,4209
748,3,750
7346,2,7347
2306,2,2307
5758,3,5760
7070,2,7071
5185,1,5186
2851,1,2852
2737,1,2738
7354,3,7356
6091,1,6092
781,3,783
4508,2,4509
4348,3,4350
3742,1,3743
2392,3,2394
5356,1,5357
5765,2,5766
1652,2,1653
6769,3,6771
3109,1,3110
3055,1,3056
2155,3,2157
736,3,738
1030,3,1032
2896,1,2897
6413,2,6414
3713,2,3714
565,1,566
2479,1,2480
4691,2,4692
6458,2,6459
529,3,531
265,1,266
4354,1,4355
5305,1,5306
1132,1,1133
4771,1,4772
5425,1,5426
2779,1,2780
1006,1,1007
1750,1,1751
5707,1,5708
6103,3,6105
6991,3,6993
2596,1,2597
3308,2,3309
5950,1,5951
5773,3,5775
4658,2,4659
397,1,398
4258,3,4260
3463,1,3464
5131,1,5132
5440,1,5441
4375,3,4377
3736,3,3738
260,2,261
4192,3,4194
2654,2,2655
6434,2,6435
5314,3,5316
289,3,291
3280,3,3282
1849,1,1850
6685,1,6686
6833,2,6834
959,2,960
3379,3,3381
2399,2,2400
1360,3,1362
2632,1,2633
6658,3,6660
3440,2,3441
6337,1,6338
728,2,729
209,2,210
6551,2,6552
2371,3,2373
878,2,879
5267,2,5268
301,3,303
916,3,918
5551,1,5552
4757,2,4758
4982,2,4983
5195,2,5196
6997,1,6998
4096,3,4098
2132,2,2133
1804,1,1805
665,2,666
5500,3,5502
5137,3,5139
5503,3,5505
3097,1,3098
638,2,639
3152,2,3153
1456,3,1458
3245,2,3246
6697,3,6699
1273,1,1274
3862,3,3864
4495,1,4496
3805,3,3807
4976,2,4977
6422,2,6423
452,2,453
1015,3,1017
1561,1,1562
3085,1,3086
1198,3,1200
1079,2,1080
1901,2,1902
1327,1,1328
751,1,752
2702,2,2703
6088,3,6090
608,2,609
7010,2,7011
3626,2,3627
1570,3,1572
470,2,471
3649,1,3650
497,2,498
6613,3,6615
4619,2,4620
3589,1,3590
3425,2,3426
3676,1,3677
3484,1,3485
1850,2,1851
7213,1,7214
2393,2,2394
5980,1,5981
3428,2,3429
7249,3,7251
2014,1,2015
2597,2,2598
1744,3,1746
6436,1,6437
184,1,185
6713,2,6714
625,1,626
1957,1,1958
6745,1,6746
4456,1,4457
191,2,192
1349,2,1350
373,1,374
1514,2,1515
2662,1,2663
5011,1,5012
3766,1,3767
3532,1,3533
2138,2,2139
2975,2,2976
2473,1,2474
1273,3,1275
2890,1,2891
3874,3,3876
1480,1,1481
2365,1,2366
5398,3,5400
412,1,413
7060,1,7061
1189,1,1190
2378,2,2379
3368,2,3369
3679,3,3681
1720,3,1722
2101,3,2103
454,3,456
2083,1,2084
79,1,80
2792,2,2793
2401,3,2403
5297,2,5298
1859,2,1860
3887,2,3888
4853,2,4854
1627,1,1628
527,2,528
3559,1,3560
1307,2,1308
7315,1,7316
2260,3,2262
6241,1,6242
6328,1,6329
2875,1,2876
1427,2,1428
4994,2,4995
6586,3,6588
2693,2,2694
6547,3,6549
2554,3,2556
3074,2,3075
4360,1,4361
6169,1,6170
5624,2,5625
1565,2,1566
5296,1,5297
3014,2,3015
3931,3,3933
2708,2,2709
331,1,332
370,3,372
6614,2,6615
2677,3,2679
3680,2,3681
6940,3,6942
4183,3,4185
1450,3,1452
2125,3,2127
2746,3,2748
733,1,734
6715,3,6717
4048,3,4050
103,1,104
7268,2,7269
5474,2,5475
5678,2,5679
6535,1,6536
3653,2,3654
1712,2,1713
3337,3,3339
5342,2,5343
2161,1,2162
6041,2,6042
5605,3,5607
1885,3,1887
6682,1,6683
1558,1,1559
5740,1,5741
2084,2,2085
940,3,942
3059,2,3060
4021,1,4022
3763,1,3764
511,3,513
2872,3,2874
3148,3,3150
3133,3,3135
2246,2,2247
1582,1,1583
4300,3,4302
631,1,632
2047,1,2048
5182,1,5183
4174,1,4175
4669,1,4670
6646,1,6647
6902,2,6903
6211,3,6213
6370,1,6371
4576,3,4578
2962,1,2963
2131,3,2133
5572,1,5573
2161,3,2163
865,3,867
6664,1,6665
5059,3,5061
6629,2,6630
3817,3,3819
5779,1,5780
3295,3,3297
5704,1,5705
2719,3,2721
3665,2,3666
5923,3,5925
6185,2,6186
5222,2,5223
6307,3,6309
4702,1,4703
6188,2,6189
1909,3,1911
6415,3,6417
1696,3,1698
1325,2,1326
7081,3,7083
4360,3,4362
3247,3,3249
4411,3,4413
3418,3,3420
7000,1,7001
6226,3,6228
3172,3,3174
391,1,392
950,2,951
5182,3,5184
3451,3,3453
5833,1,5834
2047,3,2049
455,2,456
4435,3,4437
919,3,921
3073,3,3075
2506,3,2508
5773,1,5774
3193,1,3194
2336,2,2337
6892,1,6893
2180,2,2181
4036,1,4037
6943,1,6944
6406,3,6408
1637,2,1638
6683,2,6684
3610,3,3612
5596,1,5597
4498,3,4500
2953,1,2954
4438,3,4440
5282,2,5283
7004,2,7005
2162,2,2163
3037,3,3039
104,2,105
5839,3,5841
2665,1,2666
5410,1,5411
7468,3,7470
5099,2,5100
6557,2,6558
2005,1,2006
1093,3,1095
3409,1,3410
106,1,107
5360,2,5361
421,1,422
6379,1,6380
6820,1,6821
392,2,393
6688,3,6690
2971,3,2973
1960,1,1961
895,1,896
6622,1,6623
1460,2,1461
1109,2,1110
1490,2,1491
6800,2,6801
5720,2,5721
4115,2,4116
7316,2,7317
520,3,522
3850,3,3852
2671,1,2672
1787,2,1788
589,3,591
2851,3,2853
6841,3,6843
2053,1,2054
6781,3,6783
5438,2,5439
2969,2,2970
1237,1,1238
1292,2,1293
5375,2,5376
853,3,855
4366,1,4367
5215,1,5216
854,2,855
4615,1,4616
323,2,324
6935,2,6936
1939,3,1941
7075,1,7076
34,1,35
4294,1,4295
1357,3,1359
5674,1,5675
7234,1,7235
32,2,33
3673,3,3675
7390,1,7391
4739,2,4740
2623,3,2625
6190,1,6191
4798,3,4800
1618,1,1619
3349,3,3351
6229,3,6231
4352,2,4353
7330,1,7331
3304,3,3306
3230,2,3231
6358,1,6359
1682,2,1683
6268,1,6269
1048,3,1050
6277,1,6278
6847,3,6849
773,2,774
472,1,473
7474,1,7475
7286,2,7287
4526,2,4527
934,3,936
7186,1,7187
502,1,503
3296,2,3297
1522,1,1523
4195,1,4196
3722,2,3723
2755,1,2756
3850,1,3851
6478,3,6480
4837,1,4838
2330,2,2331
6959,2,6960
1057,1,1058
4655,2,4656
6172,3,6174
3958,3,3960
7429,1,7430
3103,3,3105
5212,1,5213
596,2,597
3358,1,3359
739,3,741
4156,3,4158
6770,2,6771
133,3,135
3959,2,3960
4136,2,4137
3125,2,3126
6160,1,6161
4684,3,4686
2627,2,2628
3142,1,3143
4204,3,4206
5350,3,5352
3367,1,3368
2609,2,2610
7282,1,7283
4573,3,4575
793,3,795
331,3,333
1684,1,1685
5378,2,5379
4321,3,4323
6547,1,6548
1405,3,1407
811,1,812
5816,2,5817
586,3,588
3337,1,3338
77,2,78
7025,2,7026
2941,1,2942
379,1,380
6706,3,6708
2071,3,2073
643,1,644
6322,1,6323
2674,1,2675
3334,1,3335
5371,3,5373
7496,2,7497
6199,3,6201
1102,1,1103
568,1,569
6490,1,6491
370,1,371
2546,2,2547
1622,2,1623
2188,1,2189
50,2,51
7396,1,7397
5668,1,5669
5011,3,5013
5807,2,5808
1210,3,1212
2749,1,2750
5956,3,5958
325,3,327
2563,3,2565
3226,3,3228
7276,1,7277
5755,1,5756
5098,1,5099
916,1,917
7433,2,7434
3295,1,3296
4250,2,4251
1664,2,1665
3223,1,3224
4991,2,4992
644,2,645
3745,1,3746
1319,2,1320
3382,1,3383
4886,2,4887
109,3,111
4483,3,4485
3166,3,3168
115,3,117
7259,2,7260
1585,3,1587
3277,1,3278
5386,1,5387
5650,1,5651
1753,3,1755
2008,1,2009
4693,3,4695
6350,2,6351
5545,1,5546
970,1,971
1235,2,1236
4654,1,4655
1222,1,1223
5885,2,5886
4130,2,4131
19,1,20
3979,3,3981
4375,1,4376
5569,1,5570
2837,2,2838
1628,2,1629
577,3,579
718,3,720
4859,2,4860
2230,1,2231
1396,3,1398
3544,1,3545
2353,1,2354
2110,1,2111
1825,1,1826
742,1,743
4564,3,4566
4714,1,4715
4420,3,4422
6862,1,6863
2735,2,2736
6475,1,6476
434,2,435
5320,1,5321
5977,3,5979
6676,3,6678
3706,3,3708
3457,3,3459
7351,1,7352
1741,1,1742
2266,3,2268
5953,3,5955
4222,1,4223
5335,1,5336
2456,2,2457
2414,2,2415
2815,3,2817
4159,1,4160
10,1,11
1025,2,1026
2620,3,2622
7450,1,7451
6616,1,6617
4660,3,4662
5794,3,5796
6169,3,6171
5732,2,5733
5840,2,5841
4232,2,4233
1780,3,1782
3784,3,3786
568,3,570
2437,1,2438
7319,2,7320
3833,2,3834
6082,3,6084
3521,2,3522
5542,3,5544
1073,2,1074
5788,1,5789
5494,3,5496
5170,3,5172
5053,3,5055
386,2,387
563,2,564
5536,3,5538
652,1,653
3658,1,3659
7363,3,7365
6038,2,6039
6862,3,6864
4954,3,4956
7313,2,7314
6589,3,6591
760,1,761
4864,1,4865
1087,1,1088
7363,1,7364
3550,3,3552
394,1,395
1297,1,1298
974,2,975
6379,3,6381
6757,1,6758
3241,3,3243
871,3,873
829,1,830
4507,1,4508
4312,1,4313
466,1,467
3751,1,3752
7453,1,7454
2095,1,2096
5846,2,5847
478,3,480
2329,3,2331
4802,2,4803
5534,2,5535
1672,1,1673
2264,2,2265
2072,2,2073
575,2,576
5095,1,5096
4604,2,4605
5416,1,5417
5821,1,5822
5738,2,5739
5911,3,5913
2803,1,2804
965,2,966
5422,1,5423
7453,3,7455
3310,3,3312
6118,3,6120
6691,3,6693
5404,1,5405
6559,1,6560
7393,3,7395
4816,3,4818
5680,3,5682
5044,1,5045
868,3,870
5527,1,5528
4922,2,4923
130,3,132
5227,1,5228
3008,2,3009
3940,3,3942
256,1,257
1583,2,1584
4345,3,4347
1864,1,1865
1444,3,1446
4132,3,4134
4037,2,4038
7045,1,7046
4921,3,4923
6830,2,6831
7418,2,7419
6839,2,6840
6913,3,6915
5312,2,5313
3535,1,3536
5210,2,5211
334,3,336
344,2,345
5068,1,5069
6818,2,6819
5767,1,5768
6181,1,6182
139,1,140
2576,2,2577
4240,3,4242
4708,1,4709
4921,1,4922
1298,2,1299
7174,3,7176
7009,3,7011
376,1,377
2351,2,2352
7217,2,7218
307,1,308
5762,2,5763
2356,3,2358
94,1,95
3328,1,3329
4900,1,4901
3934,1,3935
184,3,186
4649,2,4650
4249,3,4251
5323,1,5324
6586,1,6587
6752,2,6753
2281,3,2283
1837,3,1839
4468,3,4470
1231,1,1232
5744,2,5745
566,2,567
4045,1,4046
5788,3,5790
3323,2,3324
5128,1,5129
4841,2,4842
3560,2,3561
6910,3,6912
7087,3,7089
6524,2,6525
5801,2,5802
659,2,660
1778,2,1779
1919,2,1920
4540,3,4542
6587,2,6588
4513,1,4514
10,3,12
2140,1,2141
3196,1,3197
4490,2,4491
7426,3,7428
6709,3,6711
2714,2,2715
7441,1,7442
3454,3,3456
5929,1,5930
6716,2,6717
2513,2,2514
3491,2,3492
2629,3,2631
5041,1,5042
259,1,260
6485,2,6486
829,3,831
769,3,771
6790,1,6791
3893,2,3894
6601,1,6602
2273,2,2274
5917,3,5919
5330,2,5331
5516,2,5517
4628,2,4629
6076,3,6078
1331,2,1332
3527,2,3528
535,1,536
5455,1,5456
1897,3,1899
5758,1,5759
2947,1,2948
830,2,831
2914,3,2916
2959,3,2961
337,1,338
898,3,900
1819,3,1821
3004,1,3005
2593,1,2594
5950,3,5952
4285,1,4286
6931,3,6933
1066,1,1067
3640,3,3642
2189,2,2190
3304,1,3305
1759,1,1760
4063,1,4064
2185,3,2187
4156,1,4157
4102,1,4103
6958,3,6960
5890,3,5892
2977,1,2978
5539,3,5541
5341,3,5343
5225,2,5226
7012,3,7014
6949,1,6950
3734,2,3735
3326,2,3327
6073,3,6075
6778,1,6779
5983,1,5984
3436,1,3437
7096,1,7097
4070,2,4071
6920,2,6921
4640,2,4641
5513,2,5514
4558,3,4560
6886,1,6887
1348,1,1349
5575,1,5576
2356,1,2357
2897,2,2898
5093,2,5094
4066,1,4067
5075,2,5076
4801,1,4802
3395,2,3396
2762,2,2763
5620,3,5622
3820,1,3821
1075,1,1076
1202,2,1203
2885,2,2886
7373,2,7374
5696,2,5697
3415,1,3416
2200,1,2201
2866,1,2867
4552,1,4553
6106,1,6107
1865,2,1866
3638,2,3639
3719,2,3720
694,1,695
2249,2,2250
4627,1,4628
5779,3,5781
4447,3,4449
7322,2,7323
6532,3,6534
2413,1,2414
3352,1,3353
2542,3,2544
4856,2,4857
3007,1,3008
196,1,197
5866,1,5867
5081,2,5082
3122,2,3123
2167,3,2169
827,2,828
3542,2,3543
523,1,524
3005,2,3006
2966,2,2967
3487,1,3488
58,3,60
5486,2,5487
2560,1,2561
262,1,263
5189,2,5190
6934,1,6935
5825,2,5826
3539,2,3540
848,2,849
310,1,311
7210,1,7211
1934,2,1935
5929,3,5931
4960,1,4961
1756,3,1758
301,1,302
5197,1,5198
2324,2,2325
6431,2,6432
7003,3,7005
1612,1,1613
814,1,815
2146,1,2147
1952,2,1953
7163,2,7164
5890,1,5891
5270,2,5271
6503,2,6504
5560,1,5561
2060,2,2061
6202,1,6203
1121,2,1122
7366,1,7367
5329,3,5331
433,1,434
4738,3,4740
5540,2,5541
2221,3,2223
4561,1,4562
2486,2,2487
1921,1,1922
2008,3,2010
3439,1,3440
3727,1,3728
193,1,194
1624,1,1625
1129,3,1131
2197,3,2199
6131,2,6132
2335,1,2336
2117,2,2118
5135,2,5136
5611,1,5612
1924,3,1926
2443,1,2444
2479,3,2481
4111,3,4113
6877,3,6879
5113,1,5114
667,3,669
5437,3,5439
4784,2,4785
1081,1,1082
64,1,65
3350,2,3351
368,2,369
6172,1,6173
4157,2,4158
637,1,638
70,3,72
3391,3,3393
4834,3,4836
1504,1,1505
7036,1,7037
4381,1,4382
2884,1,2885
5887,3,5889
2632,3,2634
1918,1,1919
6838,3,6840
6079,1,6080
5254,1,5255
1087,3,1089
11,2,12
671,2,672
1889,2,1890
6263,2,6264
6070,3,6072
2105,2,2106
1900,3,1902
4315,1,4316
6760,1,6761
4327,1,4328
3121,1,3122
703,1,704
2623,1,2624
1042,1,1043
6112,1,6113
2968,1,2969
3284,2,3285
4276,3,4278
2321,2,2322
1867,3,1869
1363,3,1365
6827,2,6828
3581,2,3582
680,2,681
6487,3,6489
1162,1,1163
4759,1,4760
1573,1,1574
211,1,212
6439,3,6441
1316,2,1317
3082,1,3083
4763,2,4764
2932,1,2933
1768,3,1770
6295,1,6296
1271,2,1272
2512,1,2513
2782,3,2784
4507,3,4509
5390,2,5391
5482,1,5483
4138,1,4139
2704,1,2705
5137,1,5138
4588,3,4590
112,3,114
2788,1,2789
5906,2,5907
2950,1,2951
4798,1,4799
5155,1,5156
6244,3,6246
3941,2,3942
4075,3,4077
6592,3,6594
5501,2,5502
3397,1,3398
664,1,665
4552,3,4554
3262,1,3263
1819,1,1820
790,1,791
3580,3,3582
1141,1,1142
1513,1,1514
3749,2,3750
5033,2,5034
4927,1,4928
7271,2,7272
5644,3,5646
4298,2,4299
5071,3,5073
5932,1,5933
5245,3,5247
688,3,690
310,3,312
5365,1,5366
3160,3,3162
6925,3,6927
4309,1,4310
5999,2,6000
5359,3,5361
1354,3,1356
686,2,687
3401,2,3402
3499,1,3500
5749,1,5750
7441,3,7443
643,3,645
3923,2,3924
6550,3,6552
3199,3,3201
5948,2,5949
3001,1,3002
6814,1,6815
4780,3,4782
5731,3,5733
7126,3,7128
1550,2,1551
925,3,927
499,1,500
6247,1,6248
6265,3,6267
3077,2,3078
3238,1,3239
7094,2,7095
4720,3,4722
5164,1,5165
1972,3,1974
5891,2,5892
7327,3,7329
1136,2,1137
4294,3,4296
4445,2,4446
6004,3,6006
3113,2,3114
2641,1,2642
1820,2,1821
5002,1,5003
6610,3,6612
2224,1,2225
3697,3,3699
5134,1,5135
7448,2,7449
6286,3,6288
4979,2,4980
5108,2,5109
6715,1,6716
2111,2,2112
5290,1,5291
5591,2,5592
2291,2,2292
904,1,905
935,2,936
7252,1,7253
4972,3,4974
395,2,396
6005,2,6006
6259,1,6260
7207,1,7208
7064,2,7065
6098,2,6099
4085,2,4086
6335,2,6336
6176,2,6177
7243,1,7244
4358,2,4359
5764,3,5766
4546,1,4547
5695,1,5696
6622,3,6624
1295,2,1296
1117,1,1118
3568,3,3570
7139,2,7140
3325,1,3326
2548,1,2549
364,3,366
7411,3,7413
6305,2,6306
2567,2,2568
7124,2,7125
3361,1,3362
1753,1,1754
2590,3,2592
3757,3,3759
2563,1,2564
6472,1,6473
55,1,56
4591,3,4593
7393,1,7394
1597,1,1598
2068,1,2069
3592,3,3594
5362,3,5364
6568,1,6569
4421,2,4422
2285,2,2286
2075,2,2076
4706,2,4707
6451,3,6453
4519,3,4521
4534,1,4535
2723,2,2724
1115,2,1116
4103,2,4104
199,1,200
755,2,756
1577,2,1578
1910,2,1911
2882,2,2883
6989,2,6990
602,2,603
2902,1,2903
7246,3,7248
7079,2,7080
4030,1,4031
2470,1,2471
4864,3,4866
2177,2,2178
1229,2,1230
3100,3,3102
2866,3,2868
4912,3,4914
3388,3,3390
59,2,60
5563,1,5564
1456,1,1457
4378,1,4379
6787,1,6788
538,1,539
6121,1,6122
1012,3,1014
3976,3,3978
6275,2,6276
3872,2,3873
3412,1,3413
2165,2,2166
4018,1,4019
5944,3,5946
4378,3,4380
2128,1,2129
478,1,479
7039,3,7041
593,2,594
6428,2,6429
4372,3,4374
2342,2,2343
3430,3,3432
6289,1,6290
3752,2,3753
3565,3,3567
5464,3,5466
3955,1,3956
986,2,987
5458,1,5459
1825,3,1827
3286,3,3288
5263,3,5265
5104,1,5105
4600,1,4601
4657,3,4659
7244,2,7245
5755,3,5757
1144,3,1146
7073,2,7074
4616,2,4617
1378,1,1379
1915,3,1917
5461,1,5462
1457,2,1458
1063,1,1064
6619,1,6620
3776,2,3777
4483,1,4484
3107,2,3108
6247,3,6249
800,2,801
7168,3,7170
6805,1,6806
1237,3,1239
4282,1,4283
425,2,426
4804,1,4805
5641,1,5642
6539,2,6540
5246,2,5247
6166,1,6167
3676,3,3678
4456,3,4458
3182,2,3183
5578,3,5580
5504,2,5505
6460,1,6461
6121,3,6123
3766,3,3768
3049,3,3051
4027,3,4029
3254,2,3255
1145,2,1146
4747,3,4749
4832,2,4833
592,1,593
6874,3,6876
4453,1,4454
1168,1,1169
4661,2,4662
335,2,336
4049,2,4050
2452,3,2454
4735,3,4737
6679,3,6681
6944,2,6945
5851,1,5852
6724,3,6726
4316,2,4317
3341,2,3342
3356,2,3357
5459,2,5460
5083,1,5084
4595,2,4596
1546,3,1548
6661,1,6662
953,2,954
1475,2,1476
3473,2,3474
13,1,14
4109,2,4110
5248,1,5249
4432,3,4434
6223,1,6224
2617,1,2618
2839,1,2840
3977,2,3978
7156,3,7158
5668,3,5670
4760,2,4761
352,1,353
4403,2,4404
5837,2,5838
7474,3,7476
2453,2,2454
535,3,537
6178,3,6180
3658,3,3660
5434,3,5436
6499,1,6500
884,2,885
3898,1,3899
4243,1,4244
2039,2,2040
418,3,420
496,3,498
3796,3,3798
4219,3,4221
712,3,714
2405,2,2406
2290,1,2291
5509,3,5511
2938,3,2940
266,2,267
6808,1,6809
4132,1,4133
7169,2,7170
4225,3,4227
4876,3,4878
7294,1,7295
3035,2,3036
4091,2,4092
796,3,798
6673,1,6674
1756,1,1757
6043,3,6045
253,3,255
4435,1,4436
7430,2,7431
5770,1,5771
4303,3,4305
1466,2,1467
1906,1,1907
6797,2,6798
6748,3,6750
1903,1,1904
6338,2,6339
1430,2,1431
5150,2,5151
2920,3,2922
1651,3,1653
1310,2,1311
1636,1,1637
1667,2,1668
635,2,636
5672,2,5673
3854,2,3855
5705,2,5706
2435,2,2436
5722,1,5723
6145,3,6147
1534,3,1536
4241,2,4242
4676,2,4677
1604,2,1605
1786,1,1787
952,3,954
5069,2,5070
4958,2,4959
6085,1,6086
4792,1,4793
7495,3,7497
4948,1,4949
3067,1,3068
115,1,116
2303,2,2304
2258,2,2259
7442,2,7443
7360,1,7361
6473,2,6474
6728,2,6729
4981,1,4982
221,2,222
6290,2,6291
3773,2,3774
3859,3,3861
3130,1,3131
4738,1,4739
6826,3,6828
1024,1,1025
6634,1,6635
7231,1,7232
4522,1,4523
5383,1,5384
2932,3,2934
6331,1,6332
3503,2,3504
931,1,932
5998,1,5999
5930,2,5931
1543,1,1544
430,3,432
3043,3,3045
4289,2,4290
2299,3,2301
4544,2,4545
4426,1,4427
6214,1,6215
6271,1,6272
530,2,531
2687,2,2688
4858,3,4860
7204,1,7205
3922,3,3924
592,3,594
5485,3,5487
1364,2,1365
1352,2,1353
3997,3,3999
989,2,990
2320,1,2321
6317,2,6318
1219,3,1221
583,1,584
4006,1,4007
6157,1,6158
4576,1,4577
308,2,309
268,1,269
4063,3,4065
2219,2,2220
3226,1,3227
572,2,573
1945,1,1946
1498,1,1499
6650,2,6651
4807,3,4809
3913,1,3914
1046,2,1047
2729,2,2730
548,2,549
5794,1,5795
7057,1,7058
3589,3,3591
3106,3,3108
6094,1,6095
3740,2,3741
5789,2,5790
4741,1,4742
2090,2,2091
691,3,693
4300,1,4301
7466,2,7467
3221,2,3222
3082,3,3084
6113,2,6114
5599,1,5600
2366,2,2367
463,1,464
1276,1,1277
2171,2,2172
550,3,552
1178,2,1179
6880,1,6881
2338,3,2340
2518,3,2520
1021,1,1022
4205,2,4206
3010,1,3011
868,1,869
4069,3,4071
28,3,30
7457,2,7458
6518,2,6519
2675,2,2676
461,2,462
6184,3,6186
3220,3,3222
2492,2,2493
157,3,159
1130,2,1131
241,1,242
6052,3,6054
5618,2,5619
5437,1,5438
3161,2,3162
5701,3,5703
1148,2,1149
5161,3,5163
355,1,356
2551,3,2553
404,2,405
2167,1,2168
6523,3,6525
2750,2,2751
4231,1,4232
6619,3,6621
4261,3,4263
1834,1,1835
3064,3,3066
6457,1,6458
2870,2,2871
3470,2,3471
743,2,744
721,1,722
6898,3,6900
4607,2,4608
1996,1,1997
4687,1,4688
1264,3,1266
6232,1,6233
2252,2,2253
5396,2,5397
1415,2,1416
4516,1,4517
40,3,42
3743,2,3744
6928,3,6930
4672,3,4674
3685,1,3686
1562,2,1563
7046,2,7047
4637,2,4638
7156,1,7157
3163,3,3165
3151,1,3152
3349,1,3350
1453,3,1455
5251,3,5253
6733,3,6735
2893,3,2895
7088,2,7089
6467,2,6468
3052,1,3053
3124,1,3125
6832,3,6834
6740,2,6741
4012,1,4013
1447,1,1448
6848,2,6849
7415,2,7416
7018,3,7020
2152,3,2154
244,3,246
4945,3,4947
1024,3,1026
7324,3,7326
2326,1,2327
6346,1,6347
5453,2,5454
3322,3,3324
964,1,965
6487,1,6488
3385,3,3387
679,1,680
5308,3,5310
2755,3,2757
4202,2,4203
821,2,822
1234,3,1236
1727,2,1728
3575,2,3576
7486,1,7487
2575,1,2576
3559,3,3561
7127,2,7128
6947,2,6948
1723,3,1725
5878,1,5879
2168,2,2169
2852,2,2853
526,1,527
4762,3,4764
1931,2,1932
5171,2,5172
3373,3,3375
6796,1,6797
2638,3,2640
4384,3,4386
3370,1,3371
2491,3,2493
4715,2,4716
512,2,513
5734,1,5735
2290,3,2292
4790,2,4791
7130,2,7131
1868,2,1869
1190,2,1191
25,3,27
877,1,878
4288,3,4290
3829,3,3831
1666,1,1667
6893,2,6894
2734,3,2736
4009,3,4011
1172,2,1173
29,2,30
1324,3,1326
2278,1,2279
4705,3,4707
2411,2,2412
4696,3,4698
1262,2,1263
4274,2,4275
2647,1,2648
5956,1,5957
4858,1,4859
5002,3,5004
3265,1,3266
5992,1,5993
2143,3,2145
5269,1,5270
6913,1,6914
1699,1,1700
1291,1,1292
1873,1,1874
6097,1,6098
7,1,8
3823,1,3824
5647,3,5649
4963,1,4964
979,1,980
4888,3,4890
4390,3,4392
3925,1,3926
6269,2,6270
701,2,702
2491,1,2492
5536,1,5537
5617,3,5619
5072,2,5073
6127,1,6128
1498,3,1500
4729,3,4731
3439,3,3441
6065,2,6066
304,1,305
988,1,989
5035,1,5036
6785,2,6786
7084,3,7086
4385,2,4386
5344,3,5346
7324,1,7325
58,1,59
4682,2,4683
3172,1,3173
4733,2,4734
1196,2,1197
6017,2,6018
6541,3,6543
6580,1,6581
2846,2,2847
2662,3,2664
2992,3,2994
1702,1,1703
2122,1,2123
5857,3,5859
5548,3,5550
5699,2,5700
5351,2,5352
3823,3,3825
5506,1,5507
7280,2,7281
6343,1,6344
4831,3,4833
1343,2,1344
5027,2,5028
2540,2,2541
6115,1,6116
4916,2,4917
4463,2,4464
4024,3,4026
3490,1,3491
607,1,608
4711,3,4713
6031,3,6033
1372,3,1374
1996,3,1998
4973,2,4974
3964,3,3966
2557,3,2559
5768,2,5769
6028,3,6030
7093,1,7094
1058,2,1059
1585,1,1586
1678,3,1680
4937,2,4938
6061,3,6063
4172,2,4173
4583,2,4584
6508,3,6510
3647,2,3648
2314,1,2315
3481,1,3482
2467,1,2468
6742,1,6743
2783,2,2784
6031,1,6032
6674,2,6675
4094,2,4095
847,1,848
5600,2,5601
2170,3,2172
6571,1,6572
5879,2,5880
1189,3,1191
6008,2,6009
3856,3,3858
6521,2,6522
7462,1,7463
3805,1,3806
1283,2,1284
3068,2,3069
649,1,650
5185,3,5187
5974,1,5975
2582,2,2583
1588,3,1590
4745,2,4746
6883,1,6884
343,3,345
784,3,786
4984,1,4985
6695,2,6696
3032,2,3033
5549,2,5550
299,2,300
2467,3,2469
4217,2,4218
6307,1,6308
1438,3,1440
5645,2,5646
2308,1,2309
1054,3,1056
4090,3,4092
5152,1,5153
4015,3,4017
1774,1,1775
6058,3,6060
6656,2,6657
2698,3,2700
3745,3,3747
1987,3,1989
5339,2,5340
3313,3,3315
6991,1,6992
35,2,36
1936,3,1938
1898,2,1899
1564,3,1566
2275,3,2277
3235,1,3236
379,3,381
5492,2,5493
5653,3,5655
2284,3,2286
6328,3,6330
6436,3,6438
5176,3,5178
6133,1,6134
263,2,264
64,3,66
4420,1,4421
7432,1,7433
398,2,399
5650,3,5652
1052,2,1053
1345,1,1346
6400,3,6402
1175,2,1176
5905,1,5906
6199,1,6200
493,1,494
1559,2,1560
2815,1,2816
3700,1,3701
5564,2,5565
2989,1,2990
88,3,90
952,1,953
4714,3,4716
1867,1,1868
3280,1,3281
3268,3,3270
4183,1,4184
5828,2,5829
7090,3,7092
4705,1,4706
6470,2,6471
2887,1,2888
1621,1,1622
5092,1,5093
265,3,267
4357,3,4359
7136,2,7137
337,3,339
5590,1,5591
1195,1,1196
7333,1,7334
334,1,335
3746,2,3747
1459,3,1461
3835,1,3836
5896,1,5897
5399,2,5400
4069,1,4070
1171,1,1172
6574,3,6576
689,2,690
2461,3,2463
2159,2,2160
1156,3,1158
3667,1,3668
251,2,252
2656,1,2657
5770,3,5772
2375,2,2376
6217,1,6218
7180,3,7182
2707,1,2708
3710,2,3711
3620,2,3621
7465,1,7466
4781,2,4782
4930,1,4931
3970,3,3972
617,2,618
619,3,621
6319,3,6321
2929,1,2930
3785,2,3786
5812,3,5814
4246,1,4247
6268,3,6270
2446,1,2447
4810,1,4811
5966,2,5967
4636,1,4637
3931,1,3932
1679,2,1680
5125,1,5126
2941,3,2943
436,3,438
43,1,44
1391,2,1392
3424,3,3426
7435,1,7436
4393,3,4395
3991,1,3992
1609,1,1610
2848,3,2850
2602,3,2604
1489,3,1491
6640,3,6642
971,2,972
3640,1,3641
247,3,249
7148,2,7149
4933,3,4935
5155,3,5157
3686,2,3687
3530,2,3531
3895,3,3897
713,2,714
787,1,788
3751,3,3753
6130,1,6131
7402,1,7403
1000,1,1001
73,1,74
3767,2,3768
1361,2,1362
2575,3,2577
442,1,443
2774,2,2775
287,2,288
7334,2,7335
332,2,333
6980,2,6981
80,2,81
5429,2,5430
976,1,977
5707,3,5709
6967,1,6968
6548,2,6549
6313,1,6314
5368,3,5370
1402,1,1403
6556,3,6558
5602,3,5604
3832,1,3833
67,3,69
5716,1,5717
4411,1,4412
4129,1,4130
2284,1,2285
232,3,234
6769,1,6770
292,1,293
2731,3,2733
3815,2,3816
2420,2,2421
2501,2,2502
2450,2,2451
145,1,146
6023,2,6024
5084,2,5085
1861,1,1862
5749,3,5751
2434,3,2436
6374,2,6375
4022,2,4023
5647,1,5648
3067,3,3069
932,2,933
4210,3,4212
1579,1,1580
1199,2,1200
1760,2,1761
2248,1,2249
5345,2,5346
6553,1,6554
4913,2,4914
1168,3,1170
6421,1,6422
574,1,575
3431,2,3432
880,1,881
6529,1,6530
5677,1,5678
5467,3,5469
3868,3,3870
4951,3,4953
2764,3,2766
1279,3,1281
3013,3,3015
3682,3,3684
7214,2,7215
5126,2,5127
5690,2,5691
3328,3,3330
875,2,876
1693,1,1694
7103,2,7104
5380,1,5381
4895,2,4896
2300,2,2301
767,2,768
6352,3,6354
2119,3,2121
499,3,501
2761,1,2762
2095,3,2097
3526,1,3527
6391,1,6392
5347,1,5348
3622,1,3623
1436,2,1437
4613,2,4614
838,1,839
6598,1,6599
2251,3,2253
3649,3,3651
1156,1,1157
866,2,867
7417,1,7418
1772,2,1773
5842,3,5844
5120,2,5121
4819,1,4820
4520,2,4521
5173,3,5175
3158,2,3159
1448,2,1449
5116,3,5118
1201,1,1202
3799,1,3800
7361,2,7362
6668,2,6669
2245,3,2247
2096,2,2097
1055,2,1056
5761,1,5762
1630,1,1631
6962,2,6963
6982,1,6983
7352,2,7353
2243,2,2244
4060,3,4062
5290,3,5292
1775,2,1776
7006,3,7008
41,2,42
2980,1,2981
1894,1,1895
6347,2,6348
4834,1,4835
6911,2,6912
3301,1,3302
1697,2,1698
3490,3,3492
1840,3,1842
4054,3,4056
1730,2,1731
3415,3,3417
4621,3,4623
6256,1,6257
3206,2,3207
1553,2,1554
6013,1,6014
6520,3,6522
4592,2,4593
4703,2,4704
6802,3,6804
4939,3,4941
1127,2,1128
899,2,900
3671,2,3672
2239,3,2241
3029,2,3030
1529,2,1530
997,3,999
7333,3,7335
5959,3,5961
6767,2,6768
19,3,21
2636,2,2637
2666,2,2667
6352,1,6353
1783,1,1784
6904,1,6905
2797,3,2799
4058,2,4059
6287,2,6288
4906,1,4907
4108,1,4109
2818,1,2819
6575,2,6576
2833,3,2835
4270,1,4271
4276,1,4277
7367,2,7368
2446,3,2448
6446,2,6447
7447,1,7448
7228,1,7229
5110,3,5112
4990,3,4992
2665,3,2667
7225,3,7227
6712,3,6714
6745,3,6747
4538,2,4539
2410,3,2412
2554,1,2555
3173,2,3174
2566,1,2567
560,2,561
5996,2,5997
7060,3,7062
2434,1,2435
6542,2,6543
3413,2,3414
3652,1,3653
4184,2,4185
808,3,810
3904,1,3905
3956,2,3957
5065,3,5067
7463,2,7464
3617,2,3618
7117,3,7119
6685,3,6687
5774,2,5775
4880,2,4881
515,2,516
766,3,768
2569,3,2571
2311,1,2312
826,1,827
3088,3,3090
7033,1,7034
667,1,668
1162,3,1164
5926,1,5927
3877,1,3878
6130,3,6132
4030,3,4032
2200,3,2202
53,2,54
5989,3,5991
956,2,957
691,1,692
3184,1,3185
6251,2,6252
1,3,3
1204,1,1205
4028,2,4029
5317,1,5318
118,3,120
5785,3,5787
5443,1,5444
3134,2,3135
7357,1,7358
6854,2,6855
571,3,573
1694,2,1695
2341,1,2342
6733,1,6734
6367,3,6369
3742,3,3744
6323,2,6324
1420,3,1422
700,1,701
1618,3,1620
2860,3,2862
5230,3,5232
2962,3,2964
55,3,57
3917,2,3918
6037,3,6039
6056,2,6057
1126,1,1127
1085,2,1086
4621,1,4622
632,2,633
7399,1,7400
1748,2,1749
6373,3,6375
7273,3,7275
2119,1,2120
4504,3,4506
3496,1,3497
970,3,972
4909,3,4911
2074,1,2075
5888,2,5889
1855,1,1856
2123,2,2124
6341,2,6342
5965,1,5966
6058,1,6059
4627,3,4629
6868,3,6870
1207,1,1208
6157,3,6159
5932,3,5934
1486,3,1488
6652,3,6654
5587,3,5589
2737,3,2739
7471,3,7473
6923,2,6924
349,3,351
4255,3,4257
5426,2,5427
1072,1,1073
3377,2,3378
3982,1,3983
2510,2,2511
3250,1,3251
1033,1,1034
3253,3,3255
5245,1,5246
5123,2,5124
6395,2,6396
1433,2,1434
4054,1,4055
6667,3,6669
2221,1,2222
6095,2,6096
403,1,404
863,2,864
5990,2,5991
1834,3,1836
6895,3,6897
2110,3,2112
1354,1,1355
5335,3,5337
1015,1,1016
3451,1,3452
65,2,66
2653,1,2654
208,1,209
6997,3,6999
1112,2,1113
4265,2,4266
4468,1,4469
5309,2,5310
1135,3,1137
4246,3,4248
4147,1,4148
6937,3,6939
31,1,32
760,3,762
5168,2,5169
3098,2,3099
5756,2,5757
5014,3,5016
3028,1,3029
2485,3,2487
1090,3,1092
6068,2,6069
1589,2,1590
5593,3,5595
1591,3,1593
1253,2,1254
7241,2,7242
2275,1,2276
2183,2,2184
4645,1,4646
5993,2,5994
3089,2,3090
7490,2,7491
779,2,780
7234,3,7236
5863,3,5865
737,2,738
7318,3,7320
6047,2,6048
533,2,534
1057,3,1059
7291,3,7293
4055,2,4056
5954,2,5955
5192,2,5193
6100,1,6101
4204,1,4205
1091,2,1092
1751,2,1752
5974,3,5976
1601,2,1602
7399,3,7401
5728,1,5729
1762,3,1764
6628,3,6630
6155,2,6156
893,2,894
5153,2,5154
5372,2,5373
1382,2,1383
6187,1,6188
1306,1,1307
436,1,437
1037,2,1038
163,3,165
1733,2,1734
1159,1,1160
5849,2,5850
2372,2,2373
5465,2,5466
7420,1,7421
5632,1,5633
6337,3,6339
5216,2,5217
4180,1,4181
3604,3,3606
5255,2,5256
3320,2,3321
317,2,318
4825,1,4826
3877,3,3879
3001,3,3003
5621,2,5622
4064,2,4065
5845,1,5846
1765,3,1767
5662,3,5664
4310,2,4311
7300,3,7302
4168,1,4169
1367,2,1368
6746,2,6747
2909,2,2910
5957,2,5958
3757,1,3758
4325,2,4326
7484,2,7485
4133,2,4134
5998,3,6000
4198,1,4199
3446,2,3447
3760,1,3761
1541,2,1542
1670,2,1671
286,3,288
6871,3,6873
3982,3,3984
2099,2,2100
2704,3,2706
427,3,429
4171,1,4172
4609,1,4610
6244,1,6245
7397,2,7398
98,2,99
3487,3,3489
6032,2,6033
2824,1,2825
227,2,228
6320,2,6321
145,3,147
1403,2,1404
658,3,660
4823,2,4824
4825,3,4827
5894,2,5895
3325,3,3327
2050,3,2052
5411,2,5412
5341,1,5342
3031,1,3032
2317,1,2318
6100,3,6102
5569,3,5571
4855,1,4856
3437,2,3438
724,1,725
6154,1,6155
6298,1,6299
1412,2,1413
4579,1,4580
3445,1,3446
4972,1,4973
7174,1,7175
6370,3,6372
6653,2,6654
2332,3,2334
6844,3,6846
4873,1,4874
3515,2,3516
4304,2,4305
685,3,687
5071,1,5072
4427,2,4428
2438,2,2439
2936,2,2937
3322,1,3323
4748,2,4749
6266,2,6267
1411,1,1412
5207,2,5208
2218,1,2219
6040,1,6041
6866,2,6867
6086,2,6087
6794,2,6795
302,2,303
3761,2,3762
3043,1,3044
3112,1,3113
3625,3,3627
467,2,468
7246,1,7247
4462,3,4464
6632,2,6633
6949,3,6951
4933,1,4934
7387,3,7389
4865,2,4866
1171,3,1173
3484,3,3486
1942,1,1943
130,1,131
775,1,776
2483,2,2484
5896,3,5898
4481,2,4482
3518,2,3519
5665,1,5666
5867,2,5868
5495,2,5496
4582,3,4584
2651,2,2652
4391,2,4392
7388,2,7389
2452,1,2453
4147,3,4149
4235,2,4236
3907,1,3908
5515,1,5516
7459,1,7460
6262,1,6263
358,1,359
3629,2,3630
3512,2,3513
4384,1,4385
1039,3,1041
2747,2,2748
3598,1,3599
5470,1,5471
1987,1,1988
962,2,963
2660,2,2661
67,1,68
5851,3,5853
3664,3,3666
6196,1,6197
4615,3,4617
4100,2,4101
6455,2,6456
4120,3,4122
580,3,582
6523,1,6524
3574,1,3575
2879,2,2880
6970,1,6971
6988,3,6990
3736,1,3737
2401,1,2402
5995,3,5997
1954,3,1956
5047,3,5049
7034,2,7035
2525,2,2526
4082,2,4083
3607,1,3608
793,1,794
2413,3,2415
1474,1,1475
5023,3,5025
6034,1,6035
4264,1,4265
7460,2,7461
5872,3,5874
7201,1,7202
2228,2,2229
5842,1,5843
5497,3,5499
6734,2,6735
6383,2,6384
2809,3,2811
3307,3,3309
223,1,224
6838,1,6839
1939,1,1940
6823,1,6824
5617,1,5618
6938,2,6939
2527,1,2528
34,3,36
958,3,960
1010,2,1011
790,3,792
4405,3,4407
5803,3,5805
4214,2,4215
2357,2,2358
4297,3,4299
6136,1,6137
3856,1,3857
7258,3,7260
3335,2,3336
6649,3,6651
6710,2,6711
2461,1,2462
203,2,204
1555,3,1557
3628,1,3629
7042,3,7044
5269,3,5271
2197,1,2198
6397,1,6398
3980,2,3981
4651,1,4652
2195,2,2196
5227,3,5229
1642,3,1644
6049,3,6051
121,3,123
4588,1,4589
4819,3,4821
4459,3,4461
1063,3,1065
431,2,432
3151,3,3153
3187,1,3188
4408,3,4410
521,2,522
3937,3,3939
6857,2,6858
5983,3,5985
631,3,633
6211,1,6212
5263,1,5264
3907,3,3909
5804,2,5805
7400,2,7401
838,3,840
5318,2,5319
6050,2,6051
1265,2,1266
3814,1,3815
4766,2,4767
7294,3,7296
4231,3,4233
5623,3,5625
4019,2,4020
6476,2,6477
6817,1,6818
4471,1,4472
4106,2,4107
3397,3,3399
4534,3,4536
6044,2,6045
3445,3,3447
3400,3,3402
3787,1,3788
3346,3,3348
3547,1,3548
4568,2,4569
5893,3,5895
3616,1,3617
5674,3,5676
559,3,561
3361,3,3363
6748,1,6749
6299,2,6300
2953,3,2955
7091,2,7092
3646,3,3648
4433,2,4434
2141,2,2142
7378,1,7379
3331,1,3332
820,3,822
622,1,623
2386,3,2388
424,3,426
3064,1,3065
1069,1,1070
3044,2,3045
4796,2,4797
5750,2,5751
1417,1,1418
1486,1,1487
6892,3,6894
3616,3,3618
3508,1,3509
1703,2,1704
6779,2,6780
2845,1,2846
4252,3,4254
6514,1,6515
5698,3,5700
7450,3,7452
4747,1,4748
6919,1,6920
7304,2,7305
1981,3,1983
7384,3,7386
845,2,846
458,2,459
1531,3,1533
1843,3,1845
7342,1,7343
7048,3,7050
5791,1,5792
5266,1,5267
3967,1,3968
5243,2,5244
5060,2,5061
2182,1,2183
658,1,659
1955,2,1956
1228,1,1229
1891,3,1893
3496,3,3498
6296,2,6297
3769,1,3770
5053,1,5054
2884,3,2886
677,2,678
1165,1,1166
4237,3,4239
3097,3,3099
653,2,654
3343,3,3345
1360,1,1361
3175,3,3177
5383,3,5385
2270,2,2271
4684,1,4685
1418,2,1419
2056,1,2057
1138,1,1139
3602,2,3603
6442,3,6444
3832,3,3834
745,3,747
3506,2,3507
7292,2,7293
5284,3,5286
6149,2,6150
7495,1,7496
4999,3,5001
2335,3,2337
2537,2,2538
3209,2,3210
1961,2,1962
4252,1,4253
7190,2,7191
2516,2,2517
121,1,122
2116,1,2117
2032,3,2034
3842,2,3843
4513,3,4515
295,3,297
5405,2,5406
1193,2,1194
235,1,236
490,3,492
2327,2,2328
4496,2,4497
3419,2,3420
4504,1,4505
2800,1,2801
2674,3,2676
6178,1,6179
7087,1,7088
1861,3,1863
4813,1,4814
1454,2,1455
406,3,408
1991,2,1992
5389,3,5391
4603,3,4605
1417,3,1419
2863,3,2865
4369,1,4370
5159,2,5160
1226,2,1227
761,2,762
704,2,705
7412,2,7413
5689,3,5691
73,3,75
199,3,201
3334,3,3336
1958,2,1959
6214,3,6216
6790,3,6792
3314,2,3315
1810,1,1811
3271,1,3272
3286,1,3287
1021,3,1023
3851,2,3852
4957,3,4959
5975,2,5976
4940,2,4941
6835,3,6837
4076,2,4077
3601,1,3602
722,2,723
4838,2,4839
4501,1,4502
1651,1,1652
2795,2,2796
6662,2,6663
4174,3,4176
1832,2,1833
7040,2,7041
5737,3,5739
2201,2,2202
5080,1,5081
137,2,138
116,2,117
5759,2,5760
5476,1,5477
5584,1,5585
3479,2,3480
4342,1,4343
4846,3,4848
5951,2,5952
6052,1,6053
3817,1,3818
5632,3,5634
1244,2,1245
4862,2,4863
5681,2,5682
508,1,509
1075,3,1077
1616,2,1617
6167,2,6168
5428,1,5429
3811,1,3812
5515,3,5517
2054,2,2055
3554,2,3555
6961,3,6963
1507,3,1509
4789,1,4790
7303,1,7304
3583,3,3585
2918,2,2919
6641,2,6642
650,2,651
100,3,102
2773,1,2774
6022,1,6023
964,3,966
901,1,902
7330,3,7332
2614,1,2615
5408,2,5409
4177,3,4179
6067,3,6069
5608,3,5610
3092,2,3093
3779,2,3780
56,2,57
329,2,330
3277,3,3279
1445,2,1446
2557,1,2558
3763,3,3765
5743,3,5745
1627,3,1629
2057,2,2058
1519,3,1521
3352,3,3354
2719,1,2720
3481,3,3483
1717,1,1718
4966,3,4968
7183,1,7184
4885,3,4887
5512,1,5513
1681,1,1682
2896,3,2898
388,3,390
6376,1,6377
353,2,354
2726,2,2727
4331,2,4332
2531,2,2532
2207,2,2208
5303,2,5304
1297,3,1299
1691,2,1692
6235,1,6236
883,3,885
3505,3,3507
5404,3,5406
841,3,843
6191,2,6192
3839,2,3840
223,3,225
2005,3,2007
3772,3,3774
7267,1,7268
6043,1,6044
1096,3,1098
3229,3,3231
3910,1,3911
3538,1,3539
2794,1,2795
1051,3,1053
2699,2,2700
7409,2,7410
5612,2,5613
5444,2,5445
3593,2,3594
3394,3,3396
7178,2,7179
5008,1,5009
4993,3,4995
4762,1,4763
4897,3,4899
4118,2,4119
1888,1,1889
892,1,893
6082,1,6083
4918,1,4919
1150,1,1151
1472,2,1473
4664,2,4665
4789,3,4791
2062,3,2064
3346,1,3347
2362,1,2363
3775,3,3777
5566,1,5567
2935,1,2936
1639,1,1640
1432,3,1434
2743,1,2744
3643,3,3645
1282,3,1284
4045,3,4047
7171,3,7173
7180,1,7181
1846,3,1848
2803,3,2805
4477,1,4478
4897,1,4898
6427,1,6428
2923,3,2925
598,1,599
6281,2,6282
1036,3,1038
6950,2,6951
3164,2,3165
4987,3,4989
2137,1,2138
2044,1,2045
5077,1,5078
3476,2,3477
4207,3,4209
2204,2,2205
3347,2,3348
4273,1,4274
7099,3,7101
6916,1,6917
2653,3,2655
7223,2,7224
6973,1,6974
4159,3,4161
2804,2,2805
604,3,606
7072,1,7073
2569,1,2570
586,1,587
581,2,582
3536,2,3537
6985,1,6986
6355,3,6357
5209,3,5211
2128,3,2130
5174,2,5175
1078,3,1080
4574,2,4575
3727,3,3729
4912,1,4913
740,2,741
4484,2,4485
1516,3,1518
1906,3,1908
74,2,75
1607,2,1608
4787,2,4788
1960,3,1962
1981,1,1982
6472,3,6474
5218,1,5219
847,3,849
2573,2,2574
5560,3,5562
5338,1,5339
5566,3,5568
1385,2,1386
1174,3,1176
5917,1,5918
7331,2,7332
3604,1,3605
389,2,390
7471,1,7472
5524,1,5525
6829,3,6831
304,3,306
3214,3,3216
1255,3,1257
2092,3,2094
5836,3,5838
7225,1,7226
7396,3,7398
3946,1,3947
86,2,87
7030,1,7031
3613,1,3614
3655,3,3657
6260,2,6261
1966,1,1967
4,1,5
7357,3,7359
3919,1,3920
280,1,281
887,2,888
2473,3,2475
5509,1,5510
7106,2,7107
1231,3,1233
1451,2,1452
3046,1,3047
6799,3,6801
3871,1,3872
3488,2,3489
3160,1,3161
6896,2,6897
3754,1,3755
5401,3,5403
6802,1,6803
5740,3,5742
5654,2,5655
715,1,716
5122,1,5123
5101,1,5102
3643,1,3644
427,1,428
2036,2,2037
6380,2,6381
4730,2,4731
2683,1,2684
6355,1,6356
3410,2,3411
6775,1,6776
1384,3,1386
3188,2,3189
7307,2,7308
3880,1,3881
1945,3,1947
715,3,717
3830,2,3831
5020,1,5021
7420,3,7422
4480,3,4482
233,2,234
4081,1,4082
2272,1,2273
5413,3,5415
6388,1,6389
3265,3,3267
5119,3,5121
3691,1,3692
590,2,591
4622,2,4623
757,3,759
5941,1,5942
2476,1,2477
3176,2,3177
5521,3,5523
3362,2,3363
4774,1,4775
6364,3,6366
2015,2,2016
1285,1,1286
2753,2,2754
904,3,906
292,3,294
61,1,62
6059,2,6060
1805,2,1806
5881,3,5883
352,3,354
5452,3,5454
6812,2,6813
83,2,84
278,2,279
487,3,489
6448,3,6450
175,1,176
1366,1,1367
7114,1,7115
1375,3,1377
1838,2,1839
3118,1,3119
1579,3,1581
4924,3,4926
5902,3,5904
1322,2,1323
316,1,317
3418,1,3419
6433,3,6435
481,3,483
6784,3,6786
5638,3,5640
6545,2,6546
6907,1,6908
2465,2,2466
5078,2,5079
6304,1,6305
4555,1,4556
4852,3,4854
3197,2,3198
7057,3,7059
1777,1,1778
1064,2,1065
1687,3,1689
5146,1,5147
5561,2,5562
2339,2,2340
7301,2,7302
4567,1,4568
5200,3,5202
6718,1,6719
5300,2,5301
1186,1,1187
5042,2,5043
538,3,540
6496,1,6497
1631,2,1632
422,2,423
7175,2,7176
7432,3,7434
7477,1,7478
734,2,735
2108,2,2109
2512,3,2514
3223,3,3225
7027,3,7029
7279,3,7281
367,1,368
889,1,890
1681,3,1683
3079,3,3081
7444,1,7445
5315,2,5316
4186,1,4187
7024,3,7026
7118,2,7119
3802,3,3804
3194,2,3195
4057,3,4059
1142,2,1143
229,1,230
583,3,585
85,3,87
5866,3,5868
2395,3,2397
3433,1,3434
1274,2,1275
6460,3,6462
7423,1,7424
6481,1,6482
587,2,588
2779,3,2781
973,3,975
5221,1,5222
4948,3,4950
3718,3,3720
7097,2,7098
328,3,330
4609,3,4611
2983,3,2985
6040,3,6042
6565,3,6567
5440,3,5442
6326,2,6327
6761,2,6762
4502,2,4503
6698,2,6699
2323,3,2325
14,2,15
5359,1,5360
3547,3,3549
2320,3,2322
1439,2,1440
361,1,362
4393,1,4394
3991,3,3993
5960,2,5961
6356,2,6357
1414,3,1416
3508,3,3510
274,3,276
733,3,735
94,3,96
4949,2,4950
1798,3,1800
2215,3,2217
1763,2,1764
3449,2,3450
2147,2,2148
553,3,555
2507,2,2508
6908,2,6909
5098,3,5100
5248,3,5250
6727,1,6728
2386,1,2387
5861,2,5862
776,2,777
3650,2,3651
1813,3,1815
5747,2,5748
1528,1,1529
1124,2,1125
647,2,648
2191,3,2193
1060,1,1061
5921,2,5922
3268,1,3269
3208,1,3209
4495,3,4497
4243,3,4245
6334,1,6335
1099,1,1100
1666,3,1668
313,3,315
2618,2,2619
6088,1,6089
7055,2,7056
2116,3,2118
2989,3,2991
2767,3,2769
4750,3,4752
7168,1,7169
3787,3,3789
2584,1,2585
6286,1,6287
7105,1,7106
5857,1,5858
8,2,9
3715,3,3717
3928,3,3930
1951,1,1952
6814,3,6816
4612,3,4614
6016,3,6018
7306,3,7308
2545,1,2546
6749,2,6750
3784,1,3785
517,1,518
1927,1,1928
6394,3,6396
5038,3,5040
6541,1,6542
517,3,519
5105,2,5106
4780,1,4781
6581,2,6582
1429,1,1430
1309,1,1310
4474,1,4475
6331,3,6333
5317,3,5319
6035,2,6036
6445,3,6447
1270,1,1271
502,3,504
1673,2,1674
5281,3,5283
2294,2,2295
2050,1,2051
2185,1,2186
4690,3,4692
85,1,86
6694,1,6695
5938,3,5940
4792,3,4794
676,1,677
3964,1,3965
3778,1,3779
2965,3,2967
4387,3,4389
2044,3,2046
2635,1,2636
7492,1,7493
929,2,930
2788,3,2790
7429,3,7431
5971,3,5973
3128,2,3129
4423,1,4424
5719,3,5721
2947,3,2949
3838,1,3839
5080,3,5082
4718,2,4719
2713,1,2714
3025,1,3026
4618,3,4620
37,3,39
1768,1,1769
3583,1,3584
2824,3,2826
6133,3,6135
5771,2,5772
1225,3,1227
5239,1,5240
2362,3,2364
4697,2,4698
3478,1,3479
3244,3,3246
460,3,462
565,3,567
1897,1,1898
6274,1,6275
2495,2,2496
7427,2,7428
172,1,173
6688,1,6689
7192,3,7194
4319,2,4320
2770,1,2771
2527,3,2529
3572,2,3573
1556,2,1557
3493,3,3495
3860,2,3861
1564,1,1565
4699,1,4700
5398,1,5399
5431,1,5432
6743,2,6744
1922,2,1923
5026,1,5027
1018,1,1019
6754,1,6755
7117,1,7118
6302,2,6303
5873,2,5874
3028,3,3030
2668,3,2670
6368,2,6369
7141,3,7143
3389,2,3390
4328,2,4329
6278,2,6279
457,3,459
850,1,851
4036,3,4038
3085,3,3087
6377,2,6378
7028,2,7029
5920,3,5922
6929,2,6930
5687,2,5688
6580,3,6582
412,3,414
1420,1,1421
1798,1,1799
2471,2,2472
1660,1,1661
5858,2,5859
4301,2,4302
1976,2,1977
6799,1,6800
616,3,618
1967,2,1968
763,3,765
1963,3,1965
3202,3,3204
140,2,141
4624,1,4625
946,1,947
4324,1,4325
3340,3,3342
7232,2,7233
6124,1,6125
2620,1,2621
862,1,863
3820,3,3822
3844,1,3845
305,2,306
4099,3,4101
4033,3,4035
1603,3,1605
4837,3,4839
2807,2,2808
6763,1,6764
3707,2,3708
6637,1,6638
2678,2,2679
3049,1,3050
5038,1,5039
4729,1,4730
5753,2,5754
946,3,948
4072,1,4073
2344,1,2345
463,3,465
5719,1,5720
1321,3,1323
4589,2,4590
3386,2,3387
1183,1,1184
2308,3,2310
1399,1,1400
509,2,510
2954,2,2955
1378,3,1380
3598,3,3600
770,2,771
3781,1,3782
7150,1,7151
4129,3,4131
7144,1,7145
4120,1,4121
7231,3,7233
3227,2,3228
5050,3,5052
7222,1,7223
3577,3,3579
2690,2,2691
7220,2,7221
6922,3,6924
1327,3,1329
7391,2,7392
5642,2,5643
7295,2,7296
1174,1,1175
1501,3,1503
355,3,357
5953,1,5954
3073,1,3074
6091,3,6093
1040,2,1041
3754,3,3756
3299,2,3300
3523,3,3525
902,2,903
7238,2,7239
727,3,729
7300,1,7301
2768,2,2769
3544,3,3546
1786,3,1788
7243,3,7245
637,3,639
4556,2,4557
4135,1,4136
2333,2,2334
6325,3,6327
6097,3,6099
2900,2,2901
2785,3,2787
5423,2,5424
2630,2,2631
7154,2,7155
2086,3,2088
2549,2,2550
2444,2,2445
6344,2,6345
511,1,512
5860,3,5862
2746,1,2747
5407,3,5409
2951,2,2952
4594,3,4596
6577,3,6579
2389,3,2391
6994,3,6996
6901,1,6902
494,2,495
5530,3,5532
28,1,29
3403,3,3405
4442,2,4443
815,2,816
805,1,806
1870,3,1872
5024,2,5025
5083,3,5085
2515,1,2516
788,2,789
6028,1,6029
1277,2,1278
5533,3,5535
5393,2,5394
5425,3,5427
6533,2,6534
7222,3,7224
6758,2,6759
1435,1,1436
3058,3,3060
5344,1,5345
3080,2,3081
2278,3,2280
1033,3,1035
7145,2,7146
2359,3,2361
3119,2,3120
1804,3,1806
2422,3,2424
7355,2,7356
6184,1,6185
5797,3,5799
4523,2,4524
2854,3,2856
7027,1,7028
983,2,984
2059,3,2061
4927,3,4929
655,3,657
2056,3,2058
826,3,828
385,3,387
3514,3,3516
6322,3,6324
577,1,578
4514,2,4515
1,1,2
7076,2,7077
4180,3,4182
4645,3,4647
1642,1,1643
3400,1,3401
3548,2,3549
2360,2,2361
6158,2,6159
268,3,270
2789,2,2790
797,2,798
4918,3,4920
808,1,809
200,2,201
2998,3,3000
2390,2,2391
6904,3,6906
6764,2,6765
247,1,248
6595,1,6596
5164,3,5166
913,1,914
2600,2,2601
2993,2,2994
2266,1,2267
4105,1,4106
3302,2,3303
5419,3,5421
3700,3,3702
347,2,348
557,2,558
2584,3,2586
5063,2,5064
6560,2,6561
5377,3,5379
6664,3,6666
6811,3,6813
4372,1,4373
7177,1,7178
6677,2,6678
4901,2,4902
4414,1,4415
4033,1,4034
5557,1,5558
4160,2,4161
4355,2,4356
1028,2,1029
1979,2,1980
3365,2,3366
3443,2,3444
5824,3,5826
4843,3,4845
2713,3,2715
3353,2,3354
6164,2,6165
6361,1,6362
1684,3,1686
7022,2,7023
6781,1,6782
476,2,477
2260,1,2261
7408,3,7410
3313,1,3314
4634,2,4635
6805,3,6807
3298,1,3299
2296,3,2298
1969,1,1970
4849,1,4850
811,3,813
4774,3,4776
4708,3,4710
4988,2,4989
3796,1,3797
2543,2,2544
6859,3,6861
1424,2,1425
6809,2,6810
1276,3,1278
1177,3,1179
3587,2,3588
4369,3,4371
4795,3,4797
6389,2,6390
2374,1,2375
6928,1,6929
6262,3,6264
4817,2,4818
6884,2,6885
4630,3,4632
2894,2,2895
4879,3,4881
6976,1,6977
1213,3,1215
1930,1,1931
1526,2,1527
1039,1,1040
3703,1,3704
3208,3,3210
694,3,696
7054,1,7055
3460,1,3461
2387,2,2388
4291,1,4292
2459,2,2460
6514,3,6516
896,2,897
7445,2,7446
2917,1,2918
3023,2,3024
1927,3,1929
656,2,657
6233,2,6234
3224,2,3225
4577,2,4578
6506,2,6507
2572,1,2573
76,1,77
2474,2,2475
919,1,920
5432,2,5433
5972,2,5973
1246,1,1247
2068,3,2070
2791,1,2792
7487,2,7488
1876,1,1877
5047,1,5048
4441,3,4443
1370,2,1371
446,2,447
5815,1,5816
2914,1,2915
362,2,363
2216,2,2217
7228,3,7230
2347,3,2349
2261,2,2262
307,3,309
6424,1,6425
2578,1,2579
4808,2,4809
1802,2,1803
4277,2,4278
6961,1,6962
725,2,726
4234,1,4235
3127,1,3128
6967,3,6969
5606,2,5607
6508,1,6509
2945,2,2946
2720,2,2721
2908,1,2909
2350,1,2351
2170,1,2171
2821,1,2822
3019,1,3020
860,2,861
4835,2,4836
6014,2,6015
835,1,836
2968,3,2970
451,1,452
1736,2,1737
151,1,152
2053,3,2055
4471,3,4473
3262,3,3264
6628,1,6629
7165,1,7166
1744,1,1745
6367,1,6368
4337,2,4338
382,1,383
5603,2,5604
5395,1,5396
3661,3,3663
4943,2,4944
2912,2,2913
4097,2,4098
7351,3,7353
505,3,507
5671,3,5673
220,1,221
5485,1,5486
6982,3,6984
5798,2,5799
2905,1,2906
4034,2,4035
4591,1,4592
3256,3,3258
3178,3,3180
1285,3,1287
6554,2,6555
4169,2,4170
2596,3,2598
5735,2,5736
3934,3,3936
2440,3,2442
1852,3,1854
1144,1,1145
2066,2,2067
3728,2,3729
5167,1,5168
3442,1,3443
175,3,177
3317,2,3318
7135,1,7136
3190,1,3191
5186,2,5187
4883,2,4884
6442,1,6443
181,3,183
3841,3,3843
5194,3,5196
7189,1,7190
4279,1,4280
493,3,495
1280,2,1281
1663,3,1665
3461,2,3462
3541,1,3542
4942,3,4944
4051,1,4052
7387,1,7388
3115,1,3116
937,3,939
5249,2,5250
2212,1,2213
3472,1,3473
1289,2,1290
6404,2,6405
5627,2,5628
1900,1,1901
3790,3,3792
541,1,542
7061,2,7062
6865,1,6866
5831,2,5832
3524,2,3525
2542,1,2543
3070,1,3071
836,2,837
4694,2,4695
1711,3,1713
5198,2,5199
1351,1,1352
2663,2,2664
3721,3,3723
3578,2,3579
4759,3,4761
1484,2,1485
3611,2,3612
2536,3,2538
1493,2,1494
3007,3,3009
881,2,882
6757,3,6759
190,1,191
451,3,453
1082,2,1083
7102,3,7104
5614,3,5616
2869,3,2871
2725,1,2726
245,2,246
6724,1,6725
4223,2,4224
5876,2,5877
2728,3,2730
5230,1,5231
7013,2,7014
4306,3,4308
5708,2,5709
3511,3,3513
22,3,24
1267,3,1269
6569,2,6570
3883,3,3885
4340,2,4341
2077,1,2078
628,1,629
1544,2,1545
7421,2,7422
4768,3,4770
814,3,816
4822,3,4824
2468,2,2469
7235,2,7236
5905,3,5907
3094,1,3095
6946,1,6947
1114,1,1115
5017,1,5018
4633,1,4634
6110,2,6111
1288,3,1290
295,1,296
4117,1,4118
3944,2,3945
1855,3,1857
2722,1,2723
1708,3,1710
6484,1,6485
1471,1,1472
5605,1,5606
2365,3,2367
6071,2,6072
5860,1,5861
634,3,636
1483,1,1484
2359,1,2360
7282,3,7284
3571,1,3572
475,1,476
4432,1,4433
3517,1,3518
1477,1,1478
5419,1,5420
2758,1,2759
487,1,488
3641,2,3642
4712,2,4713
917,2,918
7262,2,7263
6077,2,6078
2042,2,2043
6680,2,6681
1741,3,1743
4222,3,4224
7492,3,7494
6161,2,6162
4690,1,4691
7111,1,7112
1916,2,1917
62,2,63
4499,2,4500
6605,2,6606
2818,3,2820
7226,2,7227
5489,2,5490
3688,3,3690
2500,3,2502
6682,3,6684
923,2,924
2192,2,2193
5,2,6
4198,3,4200
3316,3,3318
1675,3,1677
4004,2,4005
5924,2,5925
92,2,93
2156,2,2157
6638,2,6639
649,3,651
5261,2,5262
106,3,108
5935,3,5937
7364,2,7365
2551,1,2552
1256,2,1257
5026,3,5028
7207,3,7209
7082,2,7083
6020,2,6021
2173,1,2174
1291,3,1293
2449,1,2450
2416,1,2417
185,2,186
320,2,321
2857,3,2859
1531,1,1532
346,1,347
1129,1,1130
421,3,423
119,2,120
3404,2,3405
1450,1,1451
6583,3,6585
7192,1,7193
4280,2,4281
4981,3,4983
3670,3,3672
2999,2,3000
3502,1,3503
2858,2,2859
4472,2,4473
6620,2,6621
1612,3,1614
3683,2,3684
1813,1,1814
3011,2,3012
5776,1,5777
7132,3,7134
6943,3,6945
3797,2,3798
218,2,219
397,3,399
2759,2,2760
7189,3,7191
4346,2,4347
4987,1,4988
488,2,489
2279,2,2280
5491,1,5492
188,2,189
3430,1,3431
3571,3,3573
5488,3,5490
3826,3,3828
7306,1,7307
4783,3,4785
5020,3,5022
5021,2,5022
7276,3,7278
3269,2,3270
2689,3,2691
1792,1,1793
736,1,737
1520,2,1521
892,3,894
2603,2,2604
2683,3,2685
2431,3,2433
7121,2,7122
4903,3,4905
1705,1,1706
359,2,360
977,2,978
5587,1,5588
136,1,137
407,2,408
1913,2,1914
6409,1,6410
2972,2,2973
2107,3,2109
880,3,882
2395,1,2396
316,3,318
7426,1,7427
7123,3,7125
3889,1,3890
2611,3,2613
160,3,162
4381,3,4383
5878,3,5880
1723,1,1724
7303,3,7305
2539,3,2541
785,2,786
3730,1,3731
4460,2,4461
212,2,213
4040,2,4041
1303,3,1305
6143,2,6144
2732,2,2733
1001,2,1002
2561,2,2562
3355,3,3357
226,3,228
3500,2,3501
7439,2,7440
7003,1,7004
2383,1,2384
6776,2,6777
6325,1,6326
2626,1,2627
3272,2,3273
5201,2,5202
7337,2,7338
542,2,543
1994,2,1995
4453,3,4455
2825,2,2826
2864,2,2865
3532,3,3534
2669,2,2670
3091,1,3092
6025,1,6026
1012,1,1013
3289,3,3291
5662,1,5663
1375,1,1376
7009,1,7010
3865,3,3867
5506,3,5508
4399,3,4401
2521,1,2522
4531,1,4532
5476,3,5478
314,2,315
6433,1,6434
4829,2,4830
5288,2,5289
5287,1,5288
6526,3,6528
1871,2,1872
7489,1,7490
4285,3,4287
6706,1,6707
662,2,663
4586,2,4587
4663,1,4664
3668,2,3669
3041,2,3042
641,2,642
7120,1,7121
3332,2,3333
6118,1,6119
2449,3,2451
5107,3,5109
2341,3,2343
775,3,777
6637,3,6639
6527,2,6528
832,1,833
6449,2,6450
7250,2,7251
6572,2,6573
6146,2,6147
5224,1,5225
5479,1,5480
1241,2,1242
1100,2,1101
2929,3,2931
5092,3,5094
2150,2,2151
5327,2,5328
1568,2,1569
5434,1,5435
224,2,225
4165,3,4167
311,2,312
1243,1,1244
1016,2,1017
5644,1,5645
1106,2,1107
3983,2,3984
7264,1,7265
2572,3,2574
5698,1,5699
809,2,810
5962,3,5964
1088,2,1089
3013,1,3014
2155,1,2156
1138,3,1140
2423,2,2424
5380,3,5382
1114,3,1116
2996,2,2997
3943,3,3945
6313,3,6315
3466,3,3468
5726,2,5727
1334,2,1335
5275,3,5277
2741,2,2742
1397,2,1398
1594,1,1595
4753,1,4754
4123,3,4125
248,2,249
1102,3,1104
4618,1,4619
4936,1,4937
5746,1,5747
6365,2,6366
286,1,287
3800,2,3801
4343,2,4344
1895,2,1896
5336,2,5337
2657,2,2658
3955,3,3957
4519,1,4520
2194,3,2196
3821,2,3822
6670,3,6672
3017,2,3018
2942,2,2943
2626,3,2628
410,2,411
4417,3,4419
7240,1,7241
2558,2,2559
1232,2,1233
1567,1,1568
4945,1,4946
2407,3,2409
2440,1,2441
670,3,672
2908,3,2910
2806,3,2808
695,2,696
3689,2,3690
4967,2,4968
1592,2,1593
3949,3,3951
5449,3,5451
7112,2,7113
2329,1,2330
7298,2,7299
2521,3,2523
2035,1,2036
1985,2,1986
2777,2,2778
3793,3,3795
4639,3,4641
6616,3,6618
1807,1,1808
2503,3,2505
169,3,171
2813,2,2814
1621,3,1623
1501,1,1502
5009,2,5010
1351,3,1353
5197,3,5199
3167,2,3168
2873,2,2874
6529,3,6531
4555,3,4557
3794,2,3795
937,1,938
4376,2,4377
5314,1,5315
3355,1,3356
5413,1,5414
2594,2,2595
1580,2,1581
2135,2,2136
2659,3,2661
7193,2,7194
3109,3,3111
3130,3,3132
6836,2,6837
4111,1,4112
6373,1,6374
4955,2,4956
6310,1,6311
6200,2,6201
442,3,444
6511,1,6512
2867,2,2868
4297,1,4298
2293,1,2294
6596,2,6597
4993,1,4994
4336,1,4337
4624,3,4626
3293,2,3294
6343,3,6345
4048,1,4049
5852,2,5853
1034,2,1035
3118,3,3120
6397,3,6399
7288,1,7289
5048,2,5049
1613,2,1614
4394,2,4395
3467,2,3468
7403,2,7404
1993,3,1995
4163,2,4164
1301,2,1302
3622,3,3624
5348,2,5349
3379,1,3380
4027,1,4028
3635,2,3636
2581,1,2582
1769,2,1770
2798,2,2799
766,1,767
4046,2,4047
4247,2,4248
1394,2,1395
4199,2,4200
1690,3,1692
7115,2,7116
4465,3,4467
1700,2,1701
3835,3,3837
1423,3,1425
6256,3,6258
1957,3,1959
3416,2,3417
7138,1,7139
3170,2,3171
569,2,570
1070,2,1071
2831,2,2832
6112,3,6114
640,3,642
343,1,344
2794,3,2796
7274,2,7275
709,3,711
3100,1,3101
6466,1,6467
2698,1,2699
628,3,630
1270,3,1272
4477,3,4479
7069,1,7070
6995,2,6996
1429,3,1431
2639,2,2640
4915,1,4916
2578,3,2580
6667,1,6668
6847,1,6848
7129,1,7130
2902,3,2904
7237,3,7239
5056,1,5057
6952,1,6953
5581,3,5583
6212,2,6213
319,1,320
409,3,411
6611,2,6612
4135,3,4137
4571,2,4572
7285,3,7287
5602,1,5603
4121,2,4122
1049,2,1050
2350,3,2352
1213,1,1214
7379,2,7380
3748,1,3749
2020,1,2021
520,1,521
730,1,731
3212,2,3213
3880,3,3882
2956,3,2958
6115,3,6117
5923,1,5924
2288,2,2289
6205,1,6206
1846,1,1847
2716,1,2717
2087,2,2088
1252,3,1254
2126,2,2127
6385,3,6387
4150,3,4152
5374,1,5375
5908,3,5910
4547,2,4548
2605,1,2606
4057,1,4058
5017,3,5019
187,3,189
5347,3,5349
2548,3,2550
4807,1,4808
2710,3,2712
3040,1,3041
6853,3,6855
3973,3,3975
6229,1,6230
4769,2,4770
4612,1,4613
3137,2,3138
2872,1,2873
7001,2,7002
6976,3,6978
934,1,935
7007,2,7008
3914,2,3915
244,1,245
1574,2,1575
298,1,299
1045,1,1046
4334,2,4335
2899,3,2901
2149,1,2150
1831,1,1832
5354,2,5355
1184,2,1185
2986,1,2987
3421,1,3422
4271,2,4272
2647,3,2649
4042,1,4043
7309,1,7310
1693,3,1695
6760,3,6762
4367,2,4368
7195,3,7197
1918,3,1920
551,2,552
4724,2,4725
154,3,156
1972,1,1973
1942,3,1944
2849,2,2850
6418,1,6419
4339,1,4340
1973,2,1974
1240,1,1241
4559,2,4560
6877,1,6878
6979,3,6981
469,1,470
5165,2,5166
1426,1,1427
1438,1,1439
2158,3,2160
4814,2,4815
6671,2,6672
5512,3,5514
5557,3,5559
5590,3,5592
1435,3,1437
4123,1,4124
4012,3,4014
3157,1,3158
2765,2,2766
6994,1,6995
2302,3,2304
7133,2,7134
5161,1,5162
2242,3,2244
1822,3,1824
2369,2,2370
5597,2,5598
676,3,678
5620,1,5621
2599,1,2600
553,1,554
5240,2,5241
6694,3,6696
437,2,438
6544,1,6545
2309,2,2310
4693,1,4694
2840,2,2841
3737,2,3738
3358,3,3360
6293,2,6294
1928,2,1929
862,3,864
6878,2,6879
4003,1,4004
3133,1,3134
5641,3,5643
5819,2,5820
7237,1,7238
2392,1,2393
7216,3,7218
296,2,297
1997,2,1998
3457,1,3458
20,2,21
3275,2,3276
2080,1,2081
3950,2,3951
7030,3,7032
1745,2,1746
3940,1,3941
2834,2,2835
6271,3,6273
4636,3,4638
6310,3,6312
5326,1,5327
2416,3,2418
5893,1,5894
5524,3,5526
6887,2,6888
6631,1,6632
556,1,557
4447,1,4448
143,2,144
5912,2,5913
844,3,846
5252,2,5253
6865,3,6867
241,3,243
1669,1,1670
4931,2,4932
1570,1,1571
4108,3,4110
1499,2,1500
6242,2,6243
2728,1,2729
2995,3,2997
5162,2,5163
1799,2,1800
5882,2,5883
2236,1,2237
920,2,921
614,2,615
5057,2,5058
2173,3,2175
4307,2,4308
4553,2,4554
5558,2,5559
4492,3,4494
652,3,654
5134,3,5136
160,1,161
3610,1,3611
5608,1,5609
7264,3,7266
1847,2,1848
3667,3,3669
6736,1,6737
3046,3,3048
6793,1,6794
1492,1,1493
3853,3,3855
2855,2,2856
6007,3,6009
4709,2,4710
5786,2,5787
5897,2,5898
2938,1,2939
6985,3,6987
947,2,948
1238,2,1239
6464,2,6465
4919,2,4920
697,1,698
5944,1,5945
3520,3,3522
1247,2,1248
5795,2,5796
2842,1,2843
2431,1,2432
6398,2,6399
3712,1,3713
5305,3,5307
1372,1,1373
2764,1,2765
610,1,611
205,3,207
6019,3,6021
5665,3,5667
38,2,39
4283,2,4284
6439,1,6440
1384,1,1385
7177,3,7179
1078,1,1079
2710,1,2711
6109,1,6110
7312,3,7314
3305,2,3306
2830,3,2832
2522,2,2523
4220,2,4221
5369,2,5370
6106,3,6108
968,2,969
4928,2,4929
595,1,596
4238,2,4239
2383,3,2385
5410,3,5412
250,1,251
6361,3,6363
5431,3,5433
1222,3,1224
3076,1,3077
5869,1,5870
1885,1,1886
5806,1,5807
1198,1,1199
5537,2,5538
6139,1,6140
154,1,155
1390,1,1391
2983,1,2984
2599,3,2601
1004,2,1005
3619,3,3621
5519,2,5520
6874,1,6875
4840,1,4841
850,3,852
6224,2,6225
2911,1,2912
4396,1,4397
5447,2,5448
2749,3,2751
6652,1,6653
7240,3,7242
1324,1,1325
772,1,773
52,1,53
706,1,707
4306,1,4307
544,1,545
3802,1,3803
2801,2,2802
1729,1,1730
4142,2,4143
3145,1,3146
1576,1,1577
3140,2,3141
7358,2,7359
5942,2,5943
5864,2,5865
283,1,284
5599,3,5601
2447,2,2448
4570,1,4571
1886,2,1887
2686,3,2688
3278,2,3279
6116,2,6117
170,2,171
230,2,231
5450,2,5451
889,3,891
1879,1,1880
3241,1,3242
37,1,38
6250,3,6252
4196,2,4197
5062,1,5063
980,2,981
2887,3,2889
2254,1,2255
6736,3,6738
5147,2,5148
7019,2,7020
5729,2,5730
5530,1,5531
3157,3,3159
2,2,3
4741,3,4743
2242,1,2243
371,2,372
3682,1,3683
6454,3,6456
1027,3,1029
1126,3,1128
6643,3,6645
2497,3,2499
4088,2,4089
6085,3,6087
1132,3,1134
2017,3,2019
3664,1,3665
3463,3,3465
1159,3,1161
430,1,431
3131,2,3132
6127,3,6129
1964,2,1965
6311,2,6312
6046,3,6048
6401,2,6402
6763,3,6765
5821,3,5823
