subst relation Ntrain Ntest topv P1 P1w
head 468 15863 276 1243584 0.0030889491268990734 1.424375456774441e-06
head 260 1260348 25515 943111 4.760589932304411e-06 2.0293688527431955e-07
head 243 324923 12571 690898 1.5388261218811842e-05 3.231945437198057e-07
head 24 1639330 47099 1939128 1.6470143290246625e-05 1.2960259811364027e-06
head 257 31456 10097 892258 0.0006993896236012207 1.1798211706596728e-05
head 418 24780 2759 416922 0.005447941888619854 2.511243414542009e-05
head 326 59565 2933 1464635 0.0008058423570888945 3.94881509489164e-06
head 289 221291 10339 1150450 5.8746175849899004e-05 1.0147586925452403e-06
head 188 257410 7571 1413823 0.00013208500058272795 1.670749702881553e-06
head 125 72356 4996 1185903 5.5282215711205703e-05 4.614371059275335e-07
head 111 56928 128898 2173710 0.00017566048341765037 3.782900308176405e-05
head 436 1301107 8315 2118807 6.1486103756262935e-06 8.541691285894686e-08
head 265 47185 1072 2387132 0.00016954540637914591 3.036585101462124e-07
head 296 22321 7624 1106364 0.00013440258052954617 1.7119660140662577e-06
head 404 57137 31117 1197374 0.000315032290809808 1.6377870584283496e-05
head 75 404421 4298 996392 0.0003709006208876394 2.663352288098055e-06
head 343 22861 495 1366158 0.00021871309216569705 1.8087753197685052e-07
head 337 70182 12195 96345 0.0001852326807443504 3.774018811810268e-06
head 53 3343 23101 147333 0.0008973975471133712 3.4635407541088926e-05
head 252 43248 3890 2205178 9.24898261191269e-05 6.0110204881421e-07
head 331 204230 8467 1146370 0.0003721294618812124 5.264150033912727e-06
head 293 60412 5272 2271781 0.0011421571873137786 1.0060183965927663e-05
head 504 32197 3693 562736 0.0010559990061185824 6.515495677997946e-06
head 426 67911 6876 100304 0.0005153804243789666 5.920636943427246e-06
head 10 4158 44501 1711504 0.0007215007215007215 5.364276853543289e-05
head 235 680780 28752 690909 8.813419900702135e-06 4.2336715822420075e-07
head 256 17271 1089 128217 0.00017370158068438424 3.1603580923224305e-07
head 385 47927 1458 219518 0.0002712458530682079 6.607319002535275e-07
head 338 31882 362 489315 0.002666081174330343 1.6124512108697022e-06
head 85 27746 12336 1892929 0.0003964535428530239 8.170926574423062e-06
head 274 2558406 9386 950524 1.5243866688867991e-05 2.390453697423827e-07
head 494 4556 528 852176 0.0013169446883230904 1.1617323992337922e-06
head 282 84080 4524 300511 0.0002616555661274976 1.977685448097796e-06
head 317 4153 1981 1076059 0.0016855285335901757 5.578600075587114e-06
head 364 339865 13376 2014487 8.532799788151177e-05 1.9068760300648433e-06
head 90 179105 6846 1628732 6.69998045839033e-05 7.663286717602611e-07
head 17 887 1890 219518 0.009019165727170236 2.8479529832195424e-05
head 356 6276 426 1111977 0.0015933715742511153 1.1340476634610632e-06
head 86 135521 6652 1628265 0.00026564148729717164 2.952247663911842e-06
head 396 1884 1777 1329638 0.0021231422505307855 6.303346257818078e-06
head 303 13048 10603 1251384 0.0004598405885959534 8.1459306363668e-06
head 281 61969 1850 365641 0.0002259194113185625 6.982805094025669e-07
head 310 947 17 1076541 0.0031678986272439284 8.997561856566159e-08
head 473 6901 2888 2064050 0.0020286914939863787 9.788538224710108e-06
head 221 632 3088 1544073 0.006329113924050633 3.265313235217579e-05
head 476 1453 7 408897 0.0020646937370956643 2.414672990857741e-08
head 236 38104 270 2084552 0.0025719084610539575 1.1601761017747573e-06
head 22 341 22 1009037 0.06158357771260997 2.2635611972363213e-06
head 469 583 3472 391054 0.024013722126929673 0.0001392976665414178
head 113 180 1607 2009434 0.016666666666666666 4.474755085822294e-05
head 175 554674 6708 2175589 0.00028665486393809696 3.2126026489270685e-06
head 422 249966 5332 1696886 3.600489666594657e-05 3.2074238446164616e-07
head 438 310 360 1925142 0.03225806451612903 1.940195311916847e-05
head 210 14445 43 221002 0.0006230529595015577 4.476082296270607e-08
head 435 94463 326 1060709 3.175846627780189e-05 1.7297437287819615e-08
head 372 3718 465 1443086 0.002420656266810113 1.8805752703927744e-06
head 313 10388 257 1523423 0.0005775895263765884 2.480030812803478e-07
head 193 412626 7275 940956 4.362303878088148e-05 5.302168885625807e-07
head 139 146870 366 255424 0.006141485667597195 3.7554256826002027e-06
head 199 8278 1552 117061 0.000362406378352259 9.397064190922055e-07
head 163 6228 1972 1632453 0.0009633911368015414 3.174053195464051e-06
head 97 21854 1548 1350598 0.00032030749519538755 8.284049810330417e-07
head 5 168715 719 1295526 4.741724209465667e-05 5.6959979593877376e-08
head 355 32359 1301 1346565 0.003183040267004543 6.918693205622503e-06
head 487 7108 275 248072 0.0016882386043894203 7.756595870423522e-07
head 259 89527 604 1628732 0.00012286796162051672 1.2398816596099543e-07
head 150 173742 1693 1445264 7.482358899978128e-05 2.116411622500467e-07
head 241 25394 150 2372855 0.0004725525714735764 1.1842571999177413e-07
head 197 113406 3723 1010864 6.17251291818775e-05 3.839367529887242e-07
head 35 79779 3044 2446632 0.0001378808959751313 7.012185379301064e-07
head 319 887 1183 1388788 0.009019165727170236 1.7826076080151953e-05
head 212 24395 153 1971494 0.00012297601967616316 3.1435220210499434e-08
head 94 11512 401 147 0.002953439888811675 1.9786872378650853e-06
head 87 954 1372 368806 0.018867924528301886 4.324967872455311e-05
head 298 8963 349 1026043 0.0039049425415597456 2.2769039935382273e-06
head 39 3641 474 499028 0.004394397143641857 3.480024402735042e-06
head 154 173563 1693 249831 8.066235315130529e-05 2.281563127213247e-07
head 391 45775 403 2468568 0.0002184598580010923 1.470893866847331e-07
head 194 30054 288 2469658 0.00023291408797497838 1.1207090774897339e-07
head 488 16782 1407 1020256 0.0006554641878202837 1.5408051088445427e-06
head 15 1800 404 246339 0.005 3.374861956450915e-06
head 383 79861 2062 1746408 0.0004507832358723282 1.552962832025002e-06
head 58 2692 19 2090116 0.018945022288261514 6.013860716389112e-07
head 421 21 7 955949 0.3333333333333333 3.89835539524033e-06
head 417 9811 724 422023 0.0028539394557129754 3.452136548144735e-06
head 520 3 361 9953 0.3333333333333333 0.0002010437568116799
head 254 25210 464 2334841 0.00015866719555731853 1.2300131943502103e-07
head 104 1611 353 896256 0.002482929857231533 1.4643463203190602e-06
head 374 11716 154 1326822 0.0020484807101399795 5.270565846757156e-07
head 51 31215 702 1245265 0.00016017940092904052 1.8786610060127083e-07
head 304 944 119 1817310 0.005296610169491525 1.0530515103668265e-06
head 357 582 290 824587 0.22852233676975944 0.00011072133107100115
head 294 33170 902 2414950 0.0005426590292432922 8.177832576397177e-07
head 101 103 8 2305163 0.019417475728155338 2.5952990148618014e-07
head 0 912 1174 2204597 0.03070175438596491 6.0219332026475636e-05
head 160 510 7 2387697 0.00392156862745098 4.586300464988625e-08
head 514 14726 407 2497811 0.0010186065462447372 6.926367267207336e-07
head 214 842 4 693011 0.0011876484560570072 7.936929885117741e-09
head 464 5934 192 824587 0.0018537243006403776 5.946357500178809e-07
head 279 14397 73 2415241 0.0002778356602069876 3.3885624249402455e-08
head 446 535 220 613342 0.009345794392523364 3.435132925044884e-06
head 27 2231 919 2297672 0.004034065441506051 6.193884383818808e-06
head 20 118537 45 923045 1.6872368964964525e-05 1.2685080327117744e-09
head 416 9159 341 412281 0.00305710230374495 1.7416825283681007e-06
head 427 1903 85 2436395 0.0010509721492380452 1.492501502569303e-07
head 529 3966 114 881918 0.0007564296520423601 1.4407148748348748e-07
head 121 152 132 1590967 0.06578947368421052 1.4508916696571156e-05
head 463 14 8 1997672 0.21428571428571427 2.864097841401059e-06
head 261 23046 999 2332209 0.00034713182330990195 5.79381417018647e-07
head 451 6 50 1117862 0.16666666666666666 1.3922697840144037e-05
head 127 4068 150 1251139 0.011307767944936086 2.8338234541886093e-06
head 264 676 78 949987 0.008875739644970414 1.1566548974888893e-06
head 202 93406 179 294227 0.00018200115624263967 5.4429183813748555e-08
head 147 20 51 1220559 0.1 8.520691078168153e-06
head 9 1853 11 1479733 0.005396654074473826 9.917949891521927e-08
head 263 76268 343 880753 0.0004457964021608014 2.554673030027164e-07
head 275 26666 386 512113 0.000862521563039076 5.562396074017796e-07
head 390 7886 164 2204743 0.01141262997717474 3.1270457030767333e-06
head 123 1062 232 1049542 0.002824858757062147 1.0949375928520058e-06
head 277 295 460 498917 0.030508474576271188 2.3446767074520536e-05
head 283 3254 74 1498649 0.0021511985248924403 2.6596032505942026e-07
head 429 4245 397 157777 0.002591283863368669 1.7187398294815271e-06
head 477 4180 165 454594 0.0023923444976076554 6.594962134805071e-07
head 2 7997 212 432549 0.0036263598849568587 1.2844328571395106e-06
head 110 1377 287 714300 0.0014524328249818446 6.964382187575319e-07
head 219 289 66 299988 0.01384083044982699 1.5261974656600802e-06
head 336 2389 175 2274382 0.008371703641691083 2.447690704420467e-06
head 323 15180 331 1164586 0.002042160737812912 1.1293344074127904e-06
head 138 6956 197 62919 0.0008625646923519264 2.8389813997211475e-07
head 177 41151 449 2395857 0.00041311268255935456 3.098985277066981e-07
head 215 55770 759 1632523 0.0014523937600860678 1.8417504906169238e-06
head 267 2150 53 625249 0.017674418604651163 1.5650407507004705e-06
head 262 2673 30 625276 0.0029928918817807705 1.5000886561771354e-07
head 300 4735 191 1063787 0.0021119324181626186 6.739350253349554e-07
head 508 84 17 2435321 0.08333333333333333 2.3668586328244862e-06
head 324 1418 27 410121 0.0021156558533145277 9.543626446135407e-08
head 373 686 13 819893 0.004373177842565598 9.498283657707595e-08
head 61 29948 120 883761 0.00023373848003205557 4.686149132785225e-08
head 74 143 66 708128 0.08391608391608392 9.253239179911114e-06
head 250 1512569 275 1099509 1.983380592885349e-06 9.112622869926989e-10
head 308 34076 172 385581 0.00032280784129592674 9.27635085581143e-08
head 72 24534 164 1628732 0.0007744354772968126 2.1219430897475583e-07
head 112 92 11 2055091 0.043478260869565216 7.990417890865275e-07
head 247 841 141 692093 0.005945303210463734 1.4005472500311364e-06
head 268 2862 29 601615 0.0020964360587002098 1.0157439933689992e-07
head 412 273 4 502661 0.01098901098901099 7.343840618977076e-08
head 105 26968 730 2300612 0.00018540492435479086 2.2612509841230677e-07
head 65 1739 140 1167119 0.0011500862564692352 2.690066977739159e-07
head 96 215 80 2067653 0.027906976744186046 3.729987886475798e-06
head 420 1902 109 420323 0.0010515247108307045 1.914919955300568e-07
head 433 1124 153 1687161 0.017793594306049824 4.548411607563071e-06
head 93 717 201 554776 0.01394700139470014 4.683618855010798e-06
head 280 16723 556 2090116 0.00029898941577468155 2.777379656444449e-07
head 92 528 42 2034555 0.017045454545454544 1.1960863144487377e-06
head 414 2827 67 2424831 0.01874778917580474 2.098599223078238e-06
head 347 1108 3 2057847 0.0036101083032490976 1.809448094747962e-08
head 447 1294 48 878120 0.00231839258114374 1.859228892408725e-07
head 511 12856 231 1712937 0.0010889856876166771 4.2028006983533753e-07
head 21 3463 80 2497265 0.0014438348252959862 1.9297992963526246e-07
head 44 2407 63 539000 0.0029081844619858743 3.0610268786889177e-07
head 238 478 3 2357112 0.006276150627615063 3.145714156350536e-08
head 222 250 35 2434017 0.064 3.7424211794307177e-06
head 23 1915 28 805210 0.0010443864229765013 4.8856673360714325e-08
head 472 23 6 544071 0.08695652173913043 8.716819517307572e-07
head 141 18 128 981911 0.1111111111111111 2.3761404313845826e-05
head 251 22 13 1021873 0.22727272727272727 4.936229234232887e-06
head 26 856 15 1488072 0.002336448598130841 5.8553402131446885e-08
head 288 607 20 1627364 0.03789126853377265 1.2661168381811381e-06
head 522 41606 128 795660 0.0002884199394318127 6.167936513712804e-08
head 88 7 39 2476885 0.14285714285714285 9.308317984553442e-06
head 239 27772 41 1643893 0.00036007489557828026 2.466501273711244e-08
head 431 9805 202 680428 0.010810810810810811 3.6484994123793673e-06
head 213 12 1 1317328 0.08333333333333333 1.3922697840144037e-07
head 52 1156 105 1172794 0.01124567474048443 1.972783655895842e-06
head 37 1544 12 2394610 0.003238341968911917 6.492449770015355e-08
head 271 4025 19 1627364 0.0012422360248447205 3.943323114972473e-08
head 66 22260 80 987304 0.0008086253369272237 1.0807916382645508e-07
head 320 2765 98 1262345 0.004701627486437613 7.698018248829007e-07
head 500 475 13 496082 0.00631578947368421 1.3717521240394547e-07
head 89 8837 128 1130549 0.0005658028742786014 1.2099843771902933e-07
head 207 1392 10 2408049 0.0021551724137931034 3.600697717278631e-08
head 62 12932 3 49140 0.0007732755954222085 3.8757896863995164e-09
head 84 728 16 1176008 0.0013736263736263737 3.671920309488538e-08
head 393 664 35 982307 0.004518072289156626 2.641957722677935e-07
head 171 91 19 672490 0.03296703296703297 1.0464972882042332e-06
head 430 2560 20 240180 0.001171875 3.915758767540511e-08
head 29 1005 39 2423828 0.006965174129353234 4.5383838929663557e-07
head 376 2557 47 1008500 0.0023464998044583495 1.8425658776318898e-07
head 441 463 23 856935 0.004319654427645789 1.659898317010693e-07
head 345 20284 138 2440393 0.00019719976336028398 4.546635303348162e-08
head 489 631 16 1640380 0.004754358161648178 1.2709150484822452e-07
head 81 5 9 2064016 0.2 3.0073027334711126e-06
head 284 2957 29 1627364 0.008116334122421373 3.932444110953095e-07
head 505 2758 24 1654505 0.0010877447425670776 4.361570316854405e-08
head 266 481 14 1348407 0.008316008316008316 1.9451253531344687e-07
head 428 3891 112 1534508 0.0010280133641737343 1.9236294934108033e-07
head 70 49 8 2060553 0.061224489795918366 8.183136689717312e-07
head 142 349 3 970130 0.0028653295128939827 1.4361522127369209e-08
head 415 3742 31 573524 0.0016034206306787815 8.304506033992918e-08
head 99 5981 10 990727 0.008694198294599565 1.4525603498160642e-07
head 444 1106 102 1027389 0.0108499095840868 1.8489745558411902e-06
head 497 79 1 55584 0.16455696202531644 2.7492922317246456e-07
head 130 331 37 1133141 0.00906344410876133 5.602729161048901e-07
head 225 49794 125 795036 0.00018074466803229305 3.7746800988461366e-08
head 291 426 75 1282673 0.11502347417840375 1.441293367958573e-05
head 50 6067 13 469029 0.001318608867644635 2.863940482033915e-08
head 220 14 7 1117570 0.2857142857142857 3.341447481634569e-06
head 270 919 10 2434378 0.009793253536452665 1.6361821183194298e-07
head 132 3738 5 2427983 0.001337613697164259 1.1173914799473546e-08
head 126 5856 153 1559472 0.0008538251366120218 2.1825540671537272e-07
head 527 232 15 327808 0.01293103448275862 3.2406279455507676e-07
head 413 40345 44 1154320 0.00017350353203618787 1.2754564683894502e-08
head 350 2156 3 988648 0.006493506493506494 3.254656637955749e-08
head 137 9 3 1407363 0.3333333333333333 1.6707237408172846e-06
head 450 902 4 969263 0.34478935698447893 2.3041910571803794e-06
head 46 3688 56 1630807 0.0016268980477223427 1.5221344276426452e-07
head 394 50122 17 650379 9.97565939108575e-05 2.833317065748956e-09
head 485 75 24 1117712 0.04 1.6038947911845931e-06
head 155 254 34 2407906 0.011811023622047244 6.70920557336075e-07
head 388 357 16 1374468 0.014005602240896359 3.7439187469294895e-07
head 344 113 4 1331711 0.02654867256637168 1.7742199017528685e-07
head 327 5114 27 672064 0.001564333202972233 7.056635276037024e-08
head 19 245 4 871597 0.012244897959183673 8.183136689717312e-08
head 333 4549 110 1015974 0.0006594856012310398 1.2120000757742448e-07
head 506 3020 23 1668886 0.0006622516556291391 2.5448109959468576e-08
head 419 1850 67 425660 0.0005405405405405405 6.050729223500436e-08
head 370 63 2 918342 0.031746031746031744 1.0607769782966886e-07
head 507 1397 25 60574 0.0014316392269148174 5.979684111729722e-08
head 14 656 23 2387155 0.054878048780487805 2.10877935578767e-06
head 402 17 28 399080 0.11764705882352941 5.503560557986349e-06
head 149 7 14 1115655 0.14285714285714285 3.341447481634569e-06
head 302 8814 26 2476239 0.0004538234626730202 1.9713554463920763e-08
head 325 526 82 854127 0.02091254752851711 2.8650053502227957e-06
head 273 1139 22 2053534 0.01141352063213345 4.1951447750109163e-07
head 534 579 3 1387358 0.02072538860103627 1.0387919632024567e-07
head 335 437 36 415406 0.006864988558352402 4.129019771356218e-07
head 341 96 1 1990538 0.020833333333333332 3.480674460036009e-08
head 381 80 2 1043442 0.0375 1.2530428056129634e-07
head 77 1904 3 959778 0.0010504201680672268 5.264885737869594e-09
head 409 663 4 119344 0.04072398190045249 2.721540935267975e-07
head 285 912 7 952948 0.02631578947368421 3.0776489962423663e-07
head 439 207 24 979685 0.07246376811594203 2.905606505769191e-06
head 330 72 25 370756 0.08333333333333333 3.480674460036009e-06
head 7 347 12 1103350 0.008645533141210375 1.7333156965251372e-07
head 365 23 9 439451 0.043478260869565216 6.537614637980678e-07
head 38 24 4 158483 0.08333333333333333 5.569079136057615e-07
head 140 6 4 2225939 0.3333333333333333 2.227631654423046e-06
head 384 590 14 1425464 0.005084745762711864 1.1893287646495923e-07
head 455 53 4 1777492 0.1509433962264151 1.0087388623802472e-06
head 244 300 5 465221 0.06666666666666667 5.569079136057615e-07
head 32 156 2 1308490 0.01282051282051282 4.283907027736627e-08
head 240 41241 12 325911 4.849542930578793e-05 9.722695807476743e-10
head 192 295 6 1842545 0.03389830508474576 3.398082184713122e-07
head 64 4 5 829554 0.25 2.088404676021606e-06
head 118 104 5 1034243 0.019230769230769232 1.6064651354012353e-07
head 392 805 2 1496122 0.034782608695652174 1.1622426023076763e-07
head 157 306 16 978375 0.016339869281045753 4.367905204751071e-07
head 395 205 8 1526042 0.00975609756097561 1.3039795050281245e-07
head 128 99 5 1034243 0.020202020202020204 1.6875997381992775e-07
head 493 52 5 628778 0.1346153846153846 1.1245255947808645e-06
head 176 19 2 1662201 0.05263157894736842 1.758656569281352e-07
head 521 64 3 932476 0.03125 1.5663035070162044e-07
head 471 156 12 470748 0.038461538461538464 7.711032649925929e-07
head 161 48 4 931263 0.08333333333333333 5.569079136057615e-07
head 100 43 24 896136 0.046511627906976744 1.864993943237899e-06
head 224 20 2 1687213 0.05 1.6707237408172847e-07
head 203 1065 8 468360 0.0028169014084507044 3.765011246912191e-08
head 306 1186 18 1611607 0.0042158516020236085 1.2678342046674167e-07
head 482 59 7 1548619 0.0847457627118644 9.911073038746602e-07
head 231 382 15 1040224 0.002617801047120419 6.560433537240646e-08
head 523 325 6 946139 0.015384615384615385 1.542206529985186e-07
head 82 34 2 974963 0.11764705882352941 3.931114684275964e-07
head 190 48 4 249256 0.041666666666666664 2.7845395680288073e-07
head 530 22906 8 834693 0.00017462673535318258 2.3340242602878333e-09
head 79 1705 19 155919 0.002346041055718475 7.447214328569714e-08
head 191 3 2 261712 0.3333333333333333 1.113815827211523e-06
head 230 2 1 1833660 0.5 8.353618704086423e-07
head 181 72 3 472701 0.013888888888888888 6.961348920072018e-08
head 184 87 1 765978 0.08045977011494253 1.3442604811173553e-07
head 245 291 16 1290080 0.006872852233676976 1.8372219830293163e-07
head 498 12 2 947541 0.08333333333333333 2.7845395680288073e-07
head 114 75 3 248256 0.013333333333333334 6.682894963269139e-08
head 524 9 3 142161 0.1111111111111111 5.569079136057615e-07
head 533 512 23 1037202 0.03515625 1.3509367748014762e-06
head 434 161 2 1399556 0.06832298136645963 2.2829765402472213e-07
head 144 18 6 313023 0.1111111111111111 1.113815827211523e-06
head 189 32 1 1226089 0.0625 1.0442023380108029e-07
head 312 69 8 119419 0.028985507246376812 3.8741420076922544e-07
head 185 486 1 526893 0.00205761316872428 3.4377031704059357e-09
head 255 35 3 509293 0.14285714285714285 7.160244603502648e-07
head 329 5 5 1116035 0.2 1.6707237408172846e-06
head 206 6381 14 1476427 0.0017238677323303557 4.032149445006454e-08
head 258 183 1 2187267 0.01092896174863388 1.8259275855926608e-08
head 297 32 16 522751 0.25 6.682894963269138e-06
head 242 231 3 1153752 0.16017316017316016 8.028153040290847e-07
head 480 290 13 1204316 0.010344827586206896 2.2468353755818655e-07
head 172 13744 1 1538572 0.0006548311990686845 1.0940420305119005e-09
head 124 378 9 1549072 0.0026455026455026454 3.977913668612582e-08
head 340 140 3 1393262 0.02142857142857143 1.0740366905253971e-07
head 525 87 2 883761 0.022988505747126436 7.681488463527746e-08
head 371 1 2 1751411 1.0 3.341447481634569e-06
head 503 151 6 59882 0.013245033112582781 1.3277274761461865e-07
head 490 287 1 527669 0.006968641114982578 1.1642674152036826e-08
head 410 117 7 896042 0.017094017094017096 1.9991566129437597e-07
head 33 205 10 459394 0.5804878048780487 9.698347568646677e-06
head 205 124 2 2467345 0.008064516129032258 2.6947157109956202e-08
head 408 330 1 896622 0.00909090909090909 1.5188397643793497e-08
head 491 3292 8 1170423 0.00030376670716889426 4.060081994695709e-09
head 397 220 4 2266602 0.01818181818181818 1.2150718115034798e-07
head 532 358 8 1844018 0.05307262569832402 7.093575659335957e-07
head 83 26 2 869138 0.15384615384615385 5.140688433283953e-07
head 200 241 7 2421901 0.012448132780082987 1.4558173675171358e-07
head 442 2263 4 1820650 0.0013256738842244808 8.859339323821218e-09
head 151 40 5 1730548 0.15 1.2530428056129635e-06
head 299 1986 6 502889 0.0030211480362537764 3.028502249215622e-08
head 115 173 7 964882 0.09248554913294797 1.0816246183325774e-06
head 295 4643 4 712515 0.0006461339651087659 4.318045421022489e-09
head 182 168 4 838094 0.011904761904761904 7.955827337225165e-08
head 49 16 1 1772989 0.125 2.0884046760216058e-07
head 162 1 3 1850255 1.0 5.012171222451854e-06
head 69 22 4 339234 0.09090909090909091 6.075359057517399e-07
head 276 676 7 1375473 0.034023668639053255 3.9790905661476747e-07
head 272 1009 6 2194479 0.002973240832507433 2.98047842762251e-08
head 169 174 5 1573908 0.005747126436781609 4.800930289704841e-08
head 237 422 3 126804 0.004739336492890996 2.3754365983184142e-08
head 353 46 1 1876686 0.021739130434782608 3.6320081322114884e-08
head 135 8029 2 1570618 0.00012454851164528583 4.1617231057847415e-10
head 204 124 2 918133 0.008064516129032258 2.6947157109956202e-08
head 108 32 2 2042167 0.03125 1.0442023380108029e-07
head 16 2 1 989341 0.5 8.353618704086423e-07
head 367 67 2 2407781 0.04477611940298507 1.4961705141647324e-07
head 496 246 2 1628953 0.016260162601626018 5.433247937617186e-08
head 510 1637 2 399405 0.0018326206475259622 6.12360564746714e-09
head 290 498 3 1667425 0.004016064257028112 2.012920169659379e-08
head 269 1486 2 38944 0.002018842530282638 6.745856288629682e-09
head 453 52 2 519304 0.038461538461538464 1.2851721083209884e-07
head 301 2611 4 35564 0.0015319800842589046 1.0238061988922464e-08
head 226 13 3 2395754 0.15384615384615385 7.711032649925929e-07
head 492 1301 1 1102323 0.0007686395080707148 1.2841842742638621e-09
head 253 56 1 527669 0.03571428571428571 5.966870502918873e-08
head 60 518 4 2427095 0.011583011583011582 7.740804976759619e-08
head 400 673 3 519228 0.022288261515601784 1.1171258296698039e-07
head 179 8 1 665806 0.125 2.0884046760216058e-07
head 389 49 3 1508576 0.10204081632653061 5.11446043107332e-07
head 40 484 2 876190 0.022727272727272728 7.594198821896748e-08
head 465 5 1 2172715 0.2 3.3414474816345694e-07
head 36 3615 3 2459314 0.0005532503457814661 2.7729854619374017e-09
head 246 148 2 1706213 0.14864864864864866 4.967016526754089e-07
head 98 571 2 797281 0.03677758318739054 1.22890362722112e-07
head 314 36 1 2471263 0.05555555555555555 9.281798560096026e-08
head 217 3 1 2410711 0.3333333333333333 5.569079136057615e-07
head 57 622 1 2397388 0.00964630225080386 1.6116306181517217e-08
head 47 620 1 248203 0.0016129032258064516 2.6947157109956203e-09
head 401 361 3 806814 0.00554016620498615 2.776826162023188e-08
head 334 94 1 448673 0.07446808510638298 1.2441559772043608e-07
head 316 449 1 1299156 0.0022271714922048997 3.720988286898184e-09
head 6 15 1 826557 0.13333333333333333 2.2276316544230463e-07
head 232 24 1 2475619 0.08333333333333333 1.3922697840144037e-07
head 131 8 1 254640 0.375 6.265214028064818e-07
head 129 84 2 806014 0.13095238095238096 4.375705035473841e-07
head 398 122 1 365398 0.04918032786885246 8.216674135166973e-08
head 168 3 1 298009 0.6666666666666666 1.113815827211523e-06
head 315 1 1 1413520 1.0 1.6707237408172846e-06
head 234 182 1 919112 0.016483516483516484 2.7539402321164035e-08
head 437 174 1 2205242 0.011494252873563218 1.9203721158819364e-08
head 445 246 1 2405103 0.0040650406504065045 6.791559922021483e-09
head 407 38087 1 928827 5.2511355580644315e-05 8.773196843108067e-11
tail 468 15863 276 64970 0.0004412784466998676 2.0348220811063442e-07
tail 260 1260348 25515 1215229 0.1712876126276235 0.0073017367777984425
tail 243 324923 12571 2432232 0.053067957639194516 0.001114568703472122
tail 24 1639330 47099 2397702 0.13628189565249219 0.010723942980432033
tail 257 31456 10097 892258 0.0006993896236012207 1.1798211706596728e-05
tail 418 24780 2759 2396992 0.010371267150928168 4.780663389165159e-05
tail 326 59565 2933 241414 0.09843028624192059 0.0004823313104447852
tail 289 221291 10339 1226798 0.062343249386554354 0.001076893147873395
tail 188 257410 7571 836236 0.062044986597257296 0.0007848101030800376
tail 125 72356 4996 2443866 0.7331803858698657 0.006119809617363913
tail 111 56928 128898 435641 0.5512050309162451 0.1187036287702674
tail 436 1301107 8315 1707811 0.02007521287641985 0.00027888622048446147
tail 265 47185 1072 2380426 0.040902829288968955 7.325761557277375e-05
tail 296 22321 7624 985182 0.6818690918865642 0.008685374244696146
tail 404 57137 31117 1154242 0.6372228153385722 0.03312788278350987
tail 75 404421 4298 2496535 0.0178749372559783 0.0001283558246044056
tail 343 22861 495 224280 0.22540571278596735 0.0001864123844553421
tail 337 70182 12195 1215229 0.3861246473454732 0.007867087367788189
tail 53 3343 23101 61725 0.79060723900688 0.030513794043699343
tail 252 43248 3890 2271781 0.001595449500554939 1.036901034204512e-05
tail 331 204230 8467 1146370 0.0003721294618812124 5.264150033912727e-06
tail 293 60412 5272 622323 0.00014897702443223201 1.3121979085992605e-06
tail 504 32197 3693 2394712 0.0018945864521539273 1.1689565775231611e-05
tail 426 67911 6876 2272065 0.0008982344539176275 1.0318824387116057e-05
tail 10 4158 44501 435641 0.32227032227032226 0.023960436612493356
tail 235 680780 28752 2432232 0.021078762595845943 0.0010125531200862136
tail 256 17271 1089 2213932 0.0034740316136876847 6.32071618464486e-06
tail 385 47927 1458 1759099 0.003985227533540593 9.707676380647982e-06
tail 338 31882 362 1179662 0.045856596198481904 2.7734160826958876e-05
tail 85 27746 12336 2125301 0.3452029121314784 0.007114648611802189
tail 274 2558406 9386 1730548 0.5903961294649872 0.009258245558227848
tail 494 4556 528 254640 0.04433713784021071 3.911165744087101e-05
tail 282 84080 4524 844164 0.633884395813511 0.004791122787603102
tail 317 4153 1981 664333 0.09270406934745967 0.0003068230041572913
tail 364 339865 13376 2073981 0.005281508834390125 0.00011802905082642735
tail 90 179105 6846 2395651 0.05265626308589933 0.0006022704752809185
tail 17 887 1890 526933 0.03269447576099211 0.00010323829564170842
tail 356 6276 426 2438962 0.02676864244741874 1.905200074614586e-05
tail 86 135521 6652 2412097 0.06793781037625166 0.0007550373400454538
tail 396 1884 1777 280493 0.6199575371549894 0.0018405771072828787
tail 303 13048 10603 1153167 0.1289086450030656 0.0022835758883948264
tail 281 61969 1850 339684 0.023576304281172845 7.287055887408217e-05
tail 310 947 17 2459230 0.012671594508975714 3.5990247426264635e-07
tail 473 6901 2888 964444 0.012606868569772497 6.082877325355567e-05
tail 221 632 3088 1262612 0.022151898734177215 0.00011428596323261527
tail 476 1453 7 391634 0.3496214728148658 4.088846264519107e-06
tail 236 38104 270 2084552 0.0025719084610539575 1.1601761017747573e-06
tail 22 341 22 2459476 0.04985337243401759 1.8324066834770217e-06
tail 469 583 3472 1628732 0.008576329331046312 4.9749166621934926e-05
tail 113 180 1607 607105 0.2222222222222222 0.0005966340114429725
tail 175 554674 6708 2471150 0.0006255926904812556 7.011151692941464e-06
tail 422 249966 5332 293048 0.04505412736132114 0.0004013556370896733
tail 438 310 360 508511 0.02258064516129032 1.3581367183417927e-05
tail 210 14445 43 1625999 0.03454482519903081 2.4817389620433698e-06
tail 435 94463 326 160185 0.04900331346664832 2.6689945735105664e-05
tail 372 3718 465 1215229 0.026358257127487898 2.0477375166499105e-05
tail 313 10388 257 2364077 0.16778975741239893 7.204489511194105e-05
tail 193 412626 7275 1863949 0.20490953066457276 0.0024905760080474867
tail 139 146870 366 1045931 0.00017702730305712536 1.082495207844848e-07
tail 199 8278 1552 1837152 0.3446484658129983 0.0008936608045566873
tail 163 6228 1972 2403982 0.027296082209377008 8.993150720481479e-05
tail 97 21854 1548 1603420 0.02493822641164089 6.449724495185827e-05
tail 5 168715 719 1204017 0.11593515692143555 0.00013926715010703018
tail 355 32359 1301 1232743 0.01335022713928119 2.90182083963973e-05
tail 487 7108 275 68419 0.02124366910523354 9.760383136949597e-06
tail 259 89527 604 825943 0.03858053994884225 3.893228411175257e-05
tail 150 173742 1693 249831 7.482358899978128e-05 2.116411622500467e-07
tail 241 25394 150 1021665 0.00043317319051744505 1.0855690999245963e-07
tail 197 113406 3723 2256648 0.02764403999788371 0.0001719488172313786
tail 35 79779 3044 293048 0.040085736848042716 0.00020386335311822548
tail 319 887 1183 1388788 0.009019165727170236 1.7826076080151953e-05
tail 212 24395 153 2424831 0.023652387784382046 6.046040687152724e-06
tail 94 11512 401 117432 0.09077484364141765 6.081553422261805e-05
tail 87 954 1372 919177 0.027253668763102725 6.247175815768781e-05
tail 298 8963 349 435641 0.1921231730447395 0.0001120236764820808
tail 39 3641 474 810204 0.0027464982147761604 2.175015251709401e-06
tail 154 173563 1693 1445264 7.490075649764063e-05 2.1185943324123011e-07
tail 391 45775 403 1407363 0.3503877662479519 0.00023591666730364338
tail 194 30054 288 1562758 0.030212284554468623 1.4537197748009689e-05
tail 488 16782 1407 1964338 0.11345489214634728 0.000266699357021819
tail 15 1800 404 171928 0.0033333333333333335 2.2499079709672766e-06
tail 383 79861 2062 2473783 0.00679931380774095 2.3423856049710443e-05
tail 58 2692 19 2068265 0.03789004457652303 1.2027721432778224e-06
tail 421 21 7 1730548 0.23809523809523808 2.7845395680288073e-06
tail 417 9811 724 373017 0.06615023952706146 8.001559356235476e-05
tail 520 3 361 99903 1.0 0.0006031312704350397
tail 254 25210 464 1018607 0.4024990083300278 0.0003120235970767896
tail 104 1611 353 287631 0.9062693978895097 0.0005344864069164569
tail 374 11716 154 2445134 0.7098839194264254 0.0001826470672811636
tail 51 31215 702 1249166 0.09748518340541407 0.00011433530882593342
tail 304 944 119 320968 0.4311440677966102 8.571839294385968e-05
tail 357 582 290 824587 0.16151202749140894 7.825417383965495e-05
tail 294 33170 902 351259 0.17769068435333132 0.0002677785844738053
tail 101 103 8 498931 0.4563106796116505 6.098952684925234e-06
tail 0 912 1174 544071 0.05921052631578947 0.0001161372831939173
tail 160 510 7 235680 0.6392156862745098 7.475669757931458e-06
tail 514 14726 407 1412772 0.1062067092217846 7.221892270608182e-05
tail 214 842 4 2354368 0.0011876484560570072 7.936929885117741e-09
tail 464 5934 192 801237 0.13734411863835524 4.4057103296779356e-05
tail 279 14397 73 1045931 0.001944849621448913 2.3719936974581716e-07
tail 446 535 220 2459142 0.022429906542056073 8.244319020107722e-06
tail 27 2231 919 992747 0.03585835948005379 5.5056750078389404e-05
tail 20 118537 45 1368738 0.8391641428414757 6.309051551495281e-05
tail 416 9159 341 633708 0.10339556720165957 5.890619122730683e-05
tail 427 1903 85 419968 0.0010509721492380452 1.492501502569303e-07
tail 529 3966 114 1168532 0.7453353504790721 0.0001419584390003963
tail 121 152 132 1128962 0.18421052631578946 4.062496675039923e-05
tail 463 14 8 1688327 0.35714285714285715 4.773496402335099e-06
tail 261 23046 999 321567 0.06556452312765773 0.00010943066513939696
tail 451 6 50 1117785 0.3333333333333333 2.7845395680288073e-05
tail 127 4068 150 2400502 0.1084070796460177 2.71677422455908e-05
tail 264 676 78 508511 0.28550295857988167 3.720573253589261e-05
tail 202 93406 179 1834499 0.0014988330514099737 4.4824033728969395e-07
tail 147 20 51 1825716 0.05 4.260345539084076e-06
tail 9 1853 11 143338 0.07987048030221262 1.4678565839452453e-06
tail 263 76268 343 889269 0.06926889390045629 3.9695110640098556e-05
tail 275 26666 386 1317123 0.01586289657241431 1.0229971910041425e-05
tail 390 7886 164 713130 0.001141262997717474 3.127045703076734e-07
tail 123 1062 232 721092 0.19962335216572505 7.737558989487508e-05
tail 277 295 460 2347193 0.006779661016949152 5.210392683226786e-06
tail 283 3254 74 2260186 0.12661339889366932 1.5653664846354447e-05
tail 429 4245 397 2349599 0.07561837455830389 5.015595320577911e-05
tail 477 4180 165 630877 0.0028708133971291866 7.913954561766085e-07
tail 2 7997 212 890970 0.07740402650994123 2.7415997881701967e-05
tail 110 1377 287 9425 0.2737835875090777 0.00013127860423579478
tail 219 289 66 2243075 0.1522491349480969 1.678817212226088e-05
tail 336 2389 175 1547059 0.01297614064462118 3.7939205918517243e-06
tail 323 15180 331 1164586 0.002042160737812912 1.1293344074127904e-06
tail 138 6956 197 788494 0.10149511213341 3.340534780338551e-05
tail 177 41151 449 2216452 0.009647396175062575 7.237042088209362e-06
tail 215 55770 759 1640432 0.059225389994620764 7.510249222849012e-05
tail 267 2150 53 1603202 0.0027906976744186047 2.4711169747902165e-07
tail 262 2673 30 2152761 0.5469509913954358 2.741412019163715e-05
tail 300 4735 191 33775 0.3807814149947202 0.00012151048506789246
tail 508 84 17 1922585 0.16666666666666666 4.7337172656489724e-06
tail 324 1418 27 2172226 0.0021156558533145277 9.543626446135407e-08
tail 373 686 13 1225913 0.6472303206997084 1.405745981340724e-05
tail 61 29948 120 2473597 0.02527714705489515 5.067735562169164e-06
tail 74 143 66 2500030 0.013986013986013986 1.5422065299851858e-06
tail 250 1512569 275 2086501 0.844282145145114 0.0003879046115565738
tail 308 34076 172 2093160 0.7531400399107877 0.0002164256985123132
tail 72 24534 164 2089384 0.39100839651096436 0.0001071357897892017
tail 112 92 11 880733 0.3804347826086957 6.991615654507116e-06
tail 247 841 141 657263 0.04518430439952437 1.0644159100236636e-05
tail 268 2862 29 1144854 0.009433962264150943 4.570847970160496e-07
tail 412 273 4 1390223 0.24175824175824176 1.6156449361749566e-06
tail 105 26968 730 829939 0.6101676060516167 0.0007441776988749016
tail 65 1739 140 138472 0.07130534790109258 1.667841526198278e-05
tail 96 215 80 1594959 0.009302325581395349 1.2433292954919327e-06
tail 420 1902 109 2436395 0.0010515247108307045 1.914919955300568e-07
tail 433 1124 153 1730955 0.06227758007117438 1.5919440626470746e-05
tail 93 717 201 1936397 0.012552301255230125 4.2152569695097175e-06
tail 280 16723 556 1730548 0.4997309095258028 0.0004642112357781251
tail 92 528 42 1177281 0.00946969696969697 6.644923969159655e-07
tail 414 2827 67 1154674 0.025114962858153518 2.811331034689714e-06
tail 347 1108 3 138540 0.16606498194945848 8.323461235840623e-07
tail 447 1294 48 1340411 0.07032457496136012 5.639660973639798e-06
tail 511 12856 231 1964338 0.08089607965152458 3.122080518776793e-05
tail 21 3463 80 226487 0.2650880739243431 3.5431115081034187e-05
tail 44 2407 63 222543 0.10303282093892813 1.0844780941640737e-05
tail 238 478 3 2257311 0.200836820083682 1.0066285300321716e-06
tail 222 250 35 381707 0.008 4.678026474288397e-07
tail 23 1915 28 1575273 0.05117493472584857 2.3939769946750023e-06
tail 472 23 6 1847982 0.08695652173913043 8.716819517307572e-07
tail 141 18 128 1031435 0.2222222222222222 4.752280862769165e-05
tail 251 22 13 1675855 0.09090909090909091 1.9744916936931547e-06
tail 26 856 15 957252 0.7476635514018691 1.8737088682063006e-05
tail 288 607 20 1705907 0.11037891268533773 3.6882533981798374e-06
tail 522 41606 128 2054495 0.09479402009325578 2.0271951341736084e-05
tail 88 7 39 988615 0.7142857142857143 4.654158992276722e-05
tail 239 27772 41 889269 0.19047961976091027 1.304779173793248e-05
tail 431 9805 202 1628265 0.003671596124426313 1.2391130079778985e-06
tail 213 12 1 2363688 0.08333333333333333 1.3922697840144037e-07
tail 52 1156 105 272721 0.157439446366782 2.7618971182541792e-05
tail 37 1544 12 1056465 0.036917098445595854 7.401392737817505e-07
tail 271 4025 19 1629552 0.44944099378881985 1.4266943029970407e-05
tail 66 22260 80 1912116 0.03796046720575023 5.07371630185303e-06
tail 320 2765 98 2468357 0.49547920433996384 8.112526923765954e-05
tail 500 475 13 2317712 0.029473684210526315 6.401509912184122e-07
tail 89 8837 128 2487308 0.17449360642752065 3.731591819254864e-05
tail 207 1392 10 1935153 0.05890804597701149 9.841907093894923e-07
tail 62 12932 3 1912116 0.06534178781317662 3.2750422850075913e-07
tail 84 728 16 678460 0.30631868131868134 8.188382290159439e-06
tail 393 664 35 2252986 0.016566265060240965 9.687178316485762e-07
tail 171 91 19 65232 0.06593406593406594 2.0929945764084663e-06
tail 430 2560 20 243848 0.04765625 1.5924085654664744e-06
tail 29 1005 39 1215229 0.1154228855721393 7.520750451201389e-06
tail 376 2557 47 500643 0.009385999217833398 7.370263510527559e-07
tail 441 463 23 2403982 0.04535637149028078 1.7428932328612278e-06
tail 345 20284 138 2409022 0.46287714454742657 0.00010672089715783973
tail 489 631 16 1054489 0.009508716323296355 2.5418300969644904e-07
tail 81 5 9 2079665 0.2 3.0073027334711126e-06
tail 284 2957 29 869138 0.4487656408522151 2.1743138896811487e-05
tail 505 2758 24 425488 0.2824510514865845 1.1325544256098606e-05
tail 266 481 14 2392828 0.5322245322245323 1.24488022600606e-05
tail 428 3891 112 1730548 0.5101516319712156 9.54601136105111e-05
tail 70 49 8 174643 0.061224489795918366 8.183136689717312e-07
tail 142 349 3 816485 0.008595988538681949 4.3084566382107626e-08
tail 415 3742 31 156263 0.046499198289684664 2.408306749857946e-06
tail 99 5981 10 2125975 0.0005015883631499749 8.380155864323447e-09
tail 444 1106 102 499434 0.15009041591320071 2.557748135580313e-05
tail 497 79 1 1963215 0.22784810126582278 3.806712320849509e-07
tail 130 331 37 410612 0.256797583081571 1.5874399289638555e-05
tail 225 49794 125 1208894 0.3985620757520986 8.323589026855602e-05
tail 291 426 75 2482607 0.002347417840375587 2.9414150366501495e-07
tail 50 6067 13 2274606 0.017636393604746992 3.8305203947203607e-07
tail 220 14 7 1366186 0.14285714285714285 1.6707237408172846e-06
tail 270 919 10 2432232 0.13710554951033732 2.2906549656472017e-06
tail 132 3738 5 595439 0.0005350454788657035 4.469565919789419e-09
tail 126 5856 153 2457835 0.025614754098360656 6.547662201461182e-06
tail 527 232 15 1215229 0.11637931034482758 2.9165651509956908e-06
tail 413 40345 44 1123709 0.013285413310199529 9.766352386524932e-07
tail 350 2156 3 199859 0.075139146567718 3.7661026810630814e-07
tail 137 9 3 530239 0.1111111111111111 5.569079136057615e-07
tail 450 902 4 1812983 0.008869179600886918 5.927179568309657e-08
tail 46 3688 56 307631 0.002982646420824295 2.7905797840115166e-07
tail 394 50122 17 2241371 0.25920753361797216 7.362091063642089e-06
tail 485 75 24 1937320 0.04 1.6038947911845931e-06
tail 155 254 34 1707892 0.011811023622047244 6.70920557336075e-07
tail 388 357 16 2424022 0.06162464985994398 1.6473242486489754e-06
tail 344 113 4 411277 0.46017699115044247 3.0753144963716388e-06
tail 327 5114 27 1226765 0.01994524833789597 8.997209976947206e-07
tail 19 245 4 2411154 0.7836734693877551 5.23720748141908e-06
tail 333 4549 110 1087169 0.41349747197186193 7.599240475104514e-05
tail 506 3020 23 2091249 0.9609271523178808 3.6925207551188905e-05
tail 419 1850 67 1546136 0.001081081081081081 1.210145844700087e-07
tail 370 63 2 1939128 0.047619047619047616 1.591165467445033e-07
tail 507 1397 25 2431339 0.02863278453829635 1.1959368223459446e-06
tail 14 656 23 246664 0.006097560975609756 2.3430881730974116e-07
tail 402 17 28 1588304 0.17647058823529413 8.255340836979525e-06
tail 149 7 14 873389 0.2857142857142857 6.682894963269138e-06
tail 302 8814 26 1241233 0.30848649875198547 1.3400288646850139e-05
tail 325 526 82 1044821 0.19771863117870722 2.7087323311197347e-05
tail 273 1139 22 351259 0.1791044776119403 6.583150262324823e-06
tail 534 579 3 1020272 0.018998272884283247 9.522259662689187e-08
tail 335 437 36 1105368 0.19908466819221968 1.1974157336933032e-05
tail 341 96 1 596020 0.0625 1.0442023380108029e-07
tail 381 80 2 1950926 0.0375 1.2530428056129634e-07
tail 77 1904 3 1220149 0.8371848739495799 4.1961139330820665e-06
tail 409 663 4 2269281 0.004524886877828055 3.023934372519972e-08
tail 285 912 7 2468894 0.01206140350877193 1.4105891232777514e-07
tail 439 207 24 1986806 0.024154589371980676 9.685355019230635e-07
tail 330 72 25 959116 0.027777777777777776 1.1602248200120033e-06
tail 7 347 12 2436451 0.037463976945244955 7.511034684942259e-07
tail 365 23 9 1155831 0.2608695652173913 3.922568782788407e-06
tail 38 24 4 144882 0.125 8.353618704086423e-07
tail 140 6 4 2357220 0.16666666666666666 1.113815827211523e-06
tail 384 590 14 295843 0.49830508474576274 1.1655421893566008e-05
tail 455 53 4 1493516 0.11320754716981132 7.565541467851856e-07
tail 244 300 5 612903 0.02 1.6707237408172847e-07
tail 32 156 2 1511476 0.01282051282051282 4.283907027736627e-08
tail 240 41241 12 1009514 0.9466792754782861 1.8979674485775346e-05
tail 192 295 6 2452307 0.006779661016949152 6.796164369426243e-08
tail 64 4 5 802013 0.25 2.088404676021606e-06
tail 118 104 5 2360232 0.17307692307692307 1.4458186218611118e-06
tail 392 805 2 2265795 0.04596273291925466 1.535820581620858e-07
tail 157 306 16 2216939 0.08823529411764706 2.3586688105655784e-06
tail 395 205 8 1763684 0.01951219512195122 2.607959010056249e-07
tail 128 99 5 2360232 0.1717171717171717 1.4344597774693857e-06
tail 493 52 5 271251 0.038461538461538464 3.2129302708024706e-07
tail 176 19 2 835603 0.15789473684210525 5.275969707844056e-07
tail 521 64 3 2070125 0.046875 2.3494552605243064e-07
tail 471 156 12 369229 0.10256410256410256 2.0562753733135814e-06
tail 161 48 4 2419632 0.041666666666666664 2.7845395680288073e-07
tail 100 43 24 2405944 0.18604651162790697 7.459975772951596e-06
tail 224 20 2 944230 0.45 1.5036513667355563e-06
tail 203 1065 8 1182750 0.004694835680751174 6.275018744853651e-08
tail 306 1186 18 595188 0.045531197301854974 1.3692609410408099e-06
tail 482 59 7 1182328 0.03389830508474576 3.9644292154986417e-07
tail 231 382 15 963638 0.3612565445026178 9.053398281392092e-06
tail 523 325 6 1739338 0.03076923076923077 3.084413059970372e-07
tail 82 34 2 410484 0.17647058823529413 5.896672026413946e-07
tail 190 48 4 931263 0.08333333333333333 5.569079136057615e-07
tail 530 22906 8 852177 0.35003929101545445 4.678551629746961e-06
tail 79 1705 19 2204743 0.04398826979472141 1.3963526866068216e-06
tail 191 3 2 624957 0.3333333333333333 1.113815827211523e-06
tail 230 2 1 572226 0.5 8.353618704086423e-07
tail 181 72 3 1251059 0.375 1.8795642084194452e-06
tail 184 87 1 1719663 0.04597701149425287 7.681488463527746e-08
tail 245 291 16 370756 0.020618556701030927 5.51166594908795e-07
tail 498 12 2 2369211 0.16666666666666666 5.569079136057615e-07
tail 114 75 3 1350978 0.37333333333333335 1.8712105897153589e-06
tail 524 9 3 958565 0.1111111111111111 5.569079136057615e-07
tail 533 512 23 264125 0.017578125 6.754683874007381e-07
tail 434 161 2 1627168 0.024844720496894408 8.301732873626259e-08
tail 144 18 6 2061818 0.1111111111111111 1.113815827211523e-06
tail 189 32 1 61097 0.0625 1.0442023380108029e-07
tail 312 69 8 452662 0.028985507246376812 3.8741420076922544e-07
tail 185 486 1 2030324 0.5185185185185185 8.663011989422956e-07
tail 255 35 3 2402153 0.08571428571428572 4.2961467621015884e-07
tail 329 5 5 216533 1.0 8.353618704086424e-06
tail 206 6381 14 1160052 0.025074439742986992 5.864944647282115e-07
tail 258 183 1 70030 0.09836065573770492 1.6433348270333947e-07
tail 297 32 16 1830748 0.0625 1.6707237408172846e-06
tail 242 231 3 1560876 0.017316017316017316 8.679084367881999e-08
tail 480 290 13 1363476 0.05862068965517241 1.2732067128297238e-06
tail 172 13744 1 1088395 0.06140861466821886 1.025968304168938e-07
tail 124 378 9 758957 0.21957671957671956 3.301668344948443e-06
tail 340 140 3 203138 0.02142857142857143 1.0740366905253971e-07
tail 525 87 2 2453771 0.19540229885057472 6.529265193998584e-07
tail 371 1 2 1936069 1.0 3.341447481634569e-06
tail 503 151 6 2284950 0.059602649006622516 5.97477364265784e-07
tail 490 287 1 1534777 0.18118466898954705 3.027095279529575e-07
tail 410 117 7 2471926 0.05128205128205128 5.997469838831278e-07
tail 33 205 10 30410 0.00975609756097561 1.6299743812851559e-07
tail 205 124 2 2265733 0.008064516129032258 2.6947157109956202e-08
tail 408 330 1 1077974 0.05757575757575758 9.619318507735882e-08
tail 491 3292 8 417723 0.3298906439854192 4.40924904623954e-06
tail 397 220 4 2405574 0.06363636363636363 4.252751340262179e-07
tail 532 358 8 2363792 0.00558659217877095 7.46692174666943e-08
tail 83 26 2 1130130 0.038461538461538464 1.2851721083209884e-07
tail 200 241 7 1933087 0.4605809128630705 5.386524259813402e-06
tail 442 2263 4 1225913 0.5824127264692885 3.8922030762654545e-06
tail 151 40 5 963578 0.1 8.353618704086423e-07
tail 299 1986 6 1976430 0.12638469284994966 1.2669234409218685e-06
tail 115 173 7 491339 0.011560693641618497 1.3520307729157218e-07
tail 295 4643 4 614799 0.015507215162610381 1.0363309010453973e-07
tail 182 168 4 846692 0.011904761904761904 7.955827337225165e-08
tail 49 16 1 2130628 0.3125 5.221011690054015e-07
tail 162 1 3 805632 1.0 5.012171222451854e-06
tail 69 22 4 735619 0.045454545454545456 3.0376795287586993e-07
tail 276 676 7 2484048 0.0621301775147929 7.266165381660971e-07
tail 272 1009 6 2260892 0.003964321110009911 3.973971236830013e-08
tail 169 174 5 2406590 0.6436781609195402 5.377041924469422e-06
tail 237 422 3 1950966 0.14454976303317535 7.245081624871163e-07
tail 353 46 1 2296535 0.08695652173913043 1.4528032528845953e-07
tail 135 8029 2 808270 0.00024909702329057166 8.323446211569483e-10
tail 204 124 2 1298387 0.008064516129032258 2.6947157109956202e-08
tail 108 32 2 2432232 0.09375 3.132607014032409e-07
tail 16 2 1 2337511 0.5 8.353618704086423e-07
tail 367 67 2 1118190 0.014925373134328358 4.987235047215775e-08
tail 496 246 2 1464580 0.04878048780487805 1.6299743812851559e-07
tail 510 1637 2 426271 0.2889431887599267 9.65488490417319e-07
tail 290 498 3 1282673 0.10040160642570281 5.032300424148447e-07
tail 269 1486 2 2092855 0.04104979811574697 1.3716574453547022e-07
tail 453 52 2 653500 0.19230769230769232 6.425860541604941e-07
tail 301 2611 4 1577096 0.7372654155495979 4.927067332168936e-06
tail 226 13 3 1607665 0.6153846153846154 3.0844130599703716e-06
tail 492 1301 1 418773 0.5065334358186011 8.462774367398852e-07
tail 253 56 1 957865 0.14285714285714285 2.3867482011675494e-07
tail 60 518 4 1550204 0.11776061776061776 7.869818393038947e-07
tail 400 673 3 1027389 0.017830609212481426 8.937006637358432e-08
tail 179 8 1 283730 0.5 8.353618704086423e-07
tail 389 49 3 462137 0.10204081632653061 5.11446043107332e-07
tail 40 484 2 259803 0.02066115702479339 6.903817110815226e-08
tail 465 5 1 2410101 0.2 3.3414474816345694e-07
tail 36 3615 3 2388957 0.27164591977869984 1.3615358618112644e-06
tail 246 148 2 1033943 0.08108108108108109 2.709281741865867e-07
tail 98 571 2 797281 0.04203152364273205 1.4044612882527087e-07
tail 314 36 1 1918251 0.1111111111111111 1.8563597120192051e-07
tail 217 3 1 945270 0.6666666666666666 1.113815827211523e-06
tail 57 622 1 657263 0.001607717041800643 2.686051030252869e-09
tail 47 620 1 2397388 0.00967741935483871 1.6168294265973723e-08
tail 401 361 3 2332496 0.14681440443213298 7.358589329361447e-07
tail 334 94 1 2275432 0.22340425531914893 3.7324679316130826e-07
tail 316 449 1 2406858 0.34521158129175944 5.767531844692185e-07
tail 6 15 1 910525 0.06666666666666667 1.1138158272115231e-07
tail 232 24 1 950493 0.041666666666666664 6.961348920072018e-08
tail 131 8 1 796830 0.125 2.0884046760216058e-07
tail 129 84 2 1127244 0.023809523809523808 7.955827337225165e-08
tail 398 122 1 2307032 0.13114754098360656 2.191113102711193e-07
tail 168 3 1 622553 0.3333333333333333 5.569079136057615e-07
tail 315 1 1 958470 1.0 1.6707237408172846e-06
tail 234 182 1 2015294 0.038461538461538464 6.425860541604942e-08
tail 437 174 1 1298572 0.05747126436781609 9.601860579409682e-08
tail 445 246 1 2484048 0.11788617886178862 1.96955237738623e-07
tail 407 38087 1 1258748 0.3409562317851235 5.696436710230067e-07
